{
 "cells": [
  {
   "cell_type": "markdown",
   "metadata": {},
   "source": [
    "## 분석목적: nusc 데이터 전처리 코드 분석"
   ]
  },
  {
   "cell_type": "code",
   "execution_count": 1,
   "metadata": {},
   "outputs": [
    {
     "name": "stdout",
     "output_type": "stream",
     "text": [
      "no apex\n",
      "No Tensorflow\n",
      "Deformable Convolution not built!\n",
      "No APEX!\n"
     ]
    }
   ],
   "source": [
    "import argparse\n",
    "import json\n",
    "import os\n",
    "import sys\n",
    "\n",
    "from numba.core.errors import NumbaDeprecationWarning, NumbaPendingDeprecationWarning, NumbaWarning\n",
    "import warnings\n",
    "warnings.simplefilter('ignore', category=NumbaDeprecationWarning)\n",
    "warnings.simplefilter('ignore', category=NumbaWarning)\n",
    "\n",
    "import numpy as np\n",
    "import torch\n",
    "import yaml\n",
    "from det3d.datasets import build_dataset\n",
    "from det3d.models import build_detector\n",
    "from det3d.torchie import Config\n",
    "from det3d.torchie.apis import (\n",
    "    build_optimizer,\n",
    "    get_root_logger,\n",
    "    init_dist,\n",
    "    set_random_seed,\n",
    "    train_detector,\n",
    ")\n",
    "import torch.distributed as dist\n",
    "import subprocess\n",
    "\n",
    "# 주피터 노트북 경로설정\n",
    "os.chdir('../')\n",
    "\n",
    "\n",
    "def parse_args():\n",
    "    parser = argparse.ArgumentParser(description=\"Train a detector\")\n",
    "    parser.add_argument(\"--config\", default=\"configs/nusc/pp/nusc_centerpoint_pp_02voxel_two_pfn_10sweep.py\", help=\"train config file path\")\n",
    "    parser.add_argument(\"--work_dir\", help=\"the dir to save logs and models\")\n",
    "    parser.add_argument(\"--resume_from\", help=\"the checkpoint file to resume from\")\n",
    "    parser.add_argument(\n",
    "        \"--validate\",\n",
    "        action=\"store_true\",\n",
    "        help=\"whether to evaluate the checkpoint during training\",\n",
    "    )\n",
    "    parser.add_argument(\n",
    "        \"--gpus\",\n",
    "        type=int,\n",
    "        default=1,\n",
    "        help=\"number of gpus to use \" \"(only applicable to non-distributed training)\",\n",
    "    )\n",
    "    parser.add_argument(\"--seed\", type=int, default=None, help=\"random seed\")\n",
    "    parser.add_argument(\n",
    "        \"--launcher\",\n",
    "        choices=[\"pytorch\", \"slurm\"],\n",
    "        default=\"pytorch\",\n",
    "        help=\"job launcher\",\n",
    "    )\n",
    "    parser.add_argument(\"--local_rank\", type=int, default=0)\n",
    "    parser.add_argument(\n",
    "        \"--autoscale-lr\",\n",
    "        action=\"store_true\",\n",
    "        help=\"automatically scale lr with the number of gpus\",\n",
    "    )\n",
    "    args = parser.parse_args(args=[])\n",
    "    if \"LOCAL_RANK\" not in os.environ:\n",
    "        os.environ[\"LOCAL_RANK\"] = str(args.local_rank)\n",
    "\n",
    "    return args\n",
    "args = parse_args()"
   ]
  },
  {
   "cell_type": "code",
   "execution_count": 2,
   "metadata": {},
   "outputs": [
    {
     "name": "stderr",
     "output_type": "stream",
     "text": [
      "2024-03-28 11:03:32,687 - INFO - Distributed training: False\n",
      "2024-03-28 11:03:32,687 - INFO - torch.backends.cudnn.benchmark: False\n"
     ]
    }
   ],
   "source": [
    "cfg = Config.fromfile(args.config)\n",
    "cfg.local_rank = args.local_rank\n",
    "distributed = False\n",
    "logger = get_root_logger(cfg.log_level)\n",
    "logger.info(\"Distributed training: {}\".format(distributed))\n",
    "logger.info(f\"torch.backends.cudnn.benchmark: {torch.backends.cudnn.benchmark}\")"
   ]
  },
  {
   "cell_type": "code",
   "execution_count": 3,
   "metadata": {},
   "outputs": [
    {
     "data": {
      "text/plain": [
       "{'type': 'NuScenesDataset',\n",
       " 'root_path': 'data/nuScenes',\n",
       " 'info_path': 'data/nuScenes/infos_train_10sweeps_withvelo_filter_True.pkl',\n",
       " 'ann_file': 'data/nuScenes/infos_train_10sweeps_withvelo_filter_True.pkl',\n",
       " 'nsweeps': 10,\n",
       " 'class_names': ['car',\n",
       "  'truck',\n",
       "  'construction_vehicle',\n",
       "  'bus',\n",
       "  'trailer',\n",
       "  'barrier',\n",
       "  'motorcycle',\n",
       "  'bicycle',\n",
       "  'pedestrian',\n",
       "  'traffic_cone'],\n",
       " 'pipeline': [{'type': 'LoadPointCloudFromFile', 'dataset': 'NuScenesDataset'},\n",
       "  {'type': 'LoadPointCloudAnnotations', 'with_bbox': True},\n",
       "  {'type': 'Preprocess',\n",
       "   'cfg': {'mode': 'train',\n",
       "    'shuffle_points': True,\n",
       "    'global_rot_noise': [-0.3925, 0.3925],\n",
       "    'global_scale_noise': [0.95, 1.05],\n",
       "    'db_sampler': {'type': 'GT-AUG',\n",
       "     'enable': False,\n",
       "     'db_info_path': 'data/nuScenes/dbinfos_train_10sweeps_withvelo.pkl',\n",
       "     'sample_groups': [{'car': 2},\n",
       "      {'truck': 3},\n",
       "      {'construction_vehicle': 7},\n",
       "      {'bus': 4},\n",
       "      {'trailer': 6},\n",
       "      {'barrier': 2},\n",
       "      {'motorcycle': 6},\n",
       "      {'bicycle': 6},\n",
       "      {'pedestrian': 2},\n",
       "      {'traffic_cone': 2}],\n",
       "     'db_prep_steps': [{'filter_by_min_num_points': {'car': 5,\n",
       "        'truck': 5,\n",
       "        'bus': 5,\n",
       "        'trailer': 5,\n",
       "        'construction_vehicle': 5,\n",
       "        'traffic_cone': 5,\n",
       "        'barrier': 5,\n",
       "        'motorcycle': 5,\n",
       "        'bicycle': 5,\n",
       "        'pedestrian': 5}},\n",
       "      {'filter_by_difficulty': [-1]}],\n",
       "     'global_random_rotation_range_per_object': [0, 0],\n",
       "     'rate': 1.0},\n",
       "    'class_names': ['car',\n",
       "     'truck',\n",
       "     'construction_vehicle',\n",
       "     'bus',\n",
       "     'trailer',\n",
       "     'barrier',\n",
       "     'motorcycle',\n",
       "     'bicycle',\n",
       "     'pedestrian',\n",
       "     'traffic_cone']}},\n",
       "  {'type': 'Voxelization',\n",
       "   'cfg': {'range': [-51.2, -51.2, -5.0, 51.2, 51.2, 3.0],\n",
       "    'voxel_size': [0.2, 0.2, 8],\n",
       "    'max_points_in_voxel': 20,\n",
       "    'max_voxel_num': [30000, 60000]}},\n",
       "  {'type': 'AssignLabel',\n",
       "   'cfg': {'target_assigner': {'tasks': [{'num_class': 1,\n",
       "       'class_names': ['car']},\n",
       "      {'num_class': 2, 'class_names': ['truck', 'construction_vehicle']},\n",
       "      {'num_class': 2, 'class_names': ['bus', 'trailer']},\n",
       "      {'num_class': 1, 'class_names': ['barrier']},\n",
       "      {'num_class': 2, 'class_names': ['motorcycle', 'bicycle']},\n",
       "      {'num_class': 2, 'class_names': ['pedestrian', 'traffic_cone']}]},\n",
       "    'out_size_factor': 4,\n",
       "    'gaussian_overlap': 0.1,\n",
       "    'max_objs': 500,\n",
       "    'min_radius': 2}},\n",
       "  {'type': 'Reformat'}]}"
      ]
     },
     "execution_count": 3,
     "metadata": {},
     "output_type": "execute_result"
    }
   ],
   "source": [
    "cfg.data.train"
   ]
  },
  {
   "cell_type": "markdown",
   "metadata": {},
   "source": [
    "## build_dataset"
   ]
  },
  {
   "cell_type": "code",
   "execution_count": 4,
   "metadata": {},
   "outputs": [],
   "source": [
    "from det3d.datasets.registry import DATASETS\n",
    "\n",
    "args = cfg.data.train.copy()\n",
    "obj_type = args.pop(\"type\")\n"
   ]
  },
  {
   "cell_type": "code",
   "execution_count": 5,
   "metadata": {},
   "outputs": [
    {
     "name": "stdout",
     "output_type": "stream",
     "text": [
      "root_path\n",
      "info_path\n",
      "ann_file\n",
      "nsweeps\n",
      "class_names\n",
      "pipeline\n"
     ]
    }
   ],
   "source": [
    "for k, v in args.items():\n",
    "    print(f\"{k}\")"
   ]
  },
  {
   "cell_type": "code",
   "execution_count": 6,
   "metadata": {},
   "outputs": [
    {
     "name": "stderr",
     "output_type": "stream",
     "text": [
      "2024-03-28 11:03:39,877 - INFO - {'car': 5, 'truck': 5, 'bus': 5, 'trailer': 5, 'construction_vehicle': 5, 'traffic_cone': 5, 'barrier': 5, 'motorcycle': 5, 'bicycle': 5, 'pedestrian': 5}\n",
      "2024-03-28 11:03:39,878 - INFO - [-1]\n",
      "2024-03-28 11:03:41,548 - INFO - load 62964 traffic_cone database infos\n",
      "2024-03-28 11:03:41,549 - INFO - load 65262 truck database infos\n",
      "2024-03-28 11:03:41,549 - INFO - load 339949 car database infos\n",
      "2024-03-28 11:03:41,549 - INFO - load 161928 pedestrian database infos\n",
      "2024-03-28 11:03:41,550 - INFO - load 26297 ignore database infos\n",
      "2024-03-28 11:03:41,550 - INFO - load 11050 construction_vehicle database infos\n",
      "2024-03-28 11:03:41,550 - INFO - load 107507 barrier database infos\n",
      "2024-03-28 11:03:41,551 - INFO - load 8846 motorcycle database infos\n",
      "2024-03-28 11:03:41,551 - INFO - load 8185 bicycle database infos\n",
      "2024-03-28 11:03:41,551 - INFO - load 12286 bus database infos\n",
      "2024-03-28 11:03:41,551 - INFO - load 19202 trailer database infos\n",
      "2024-03-28 11:03:42,371 - INFO - After filter database:\n",
      "2024-03-28 11:03:42,372 - INFO - load 55823 traffic_cone database infos\n",
      "2024-03-28 11:03:42,372 - INFO - load 60428 truck database infos\n",
      "2024-03-28 11:03:42,373 - INFO - load 294575 car database infos\n",
      "2024-03-28 11:03:42,373 - INFO - load 148872 pedestrian database infos\n",
      "2024-03-28 11:03:42,373 - INFO - load 26297 ignore database infos\n",
      "2024-03-28 11:03:42,373 - INFO - load 10591 construction_vehicle database infos\n",
      "2024-03-28 11:03:42,374 - INFO - load 102093 barrier database infos\n",
      "2024-03-28 11:03:42,374 - INFO - load 8055 motorcycle database infos\n",
      "2024-03-28 11:03:42,374 - INFO - load 7533 bicycle database infos\n",
      "2024-03-28 11:03:42,374 - INFO - load 11622 bus database infos\n",
      "2024-03-28 11:03:42,374 - INFO - load 18104 trailer database infos\n"
     ]
    },
    {
     "name": "stdout",
     "output_type": "stream",
     "text": [
      "10\n"
     ]
    }
   ],
   "source": [
    "obj_cls = DATASETS.get(obj_type)\n",
    "default_args = dict(train_cfg=cfg.train_cfg, test_cfg=cfg.test_cfg)\n",
    "if default_args is not None:\n",
    "    for name, value in default_args.items():\n",
    "        args.setdefault(name, value)\n",
    "datasets = [obj_cls(**args)]"
   ]
  },
  {
   "cell_type": "markdown",
   "metadata": {},
   "source": [
    "## NuScenesDataset"
   ]
  },
  {
   "cell_type": "code",
   "execution_count": 7,
   "metadata": {},
   "outputs": [],
   "source": [
    "# obj_cls = DATASETS.get(obj_type) => det3d.datasets.nuscenes.nuscenes.NuScenesDataset"
   ]
  },
  {
   "cell_type": "code",
   "execution_count": 8,
   "metadata": {},
   "outputs": [
    {
     "name": "stderr",
     "output_type": "stream",
     "text": [
      "2024-03-28 11:03:49,909 - INFO - pipeline: [{'type': 'LoadPointCloudFromFile', 'dataset': 'NuScenesDataset'}, {'type': 'LoadPointCloudAnnotations', 'with_bbox': True}, {'type': 'Preprocess', 'cfg': {'mode': 'train', 'shuffle_points': True, 'global_rot_noise': [-0.3925, 0.3925], 'global_scale_noise': [0.95, 1.05], 'db_sampler': {'type': 'GT-AUG', 'enable': False, 'db_info_path': 'data/nuScenes/dbinfos_train_10sweeps_withvelo.pkl', 'sample_groups': [{'car': 2}, {'truck': 3}, {'construction_vehicle': 7}, {'bus': 4}, {'trailer': 6}, {'barrier': 2}, {'motorcycle': 6}, {'bicycle': 6}, {'pedestrian': 2}, {'traffic_cone': 2}], 'db_prep_steps': [{'filter_by_min_num_points': {'car': 5, 'truck': 5, 'bus': 5, 'trailer': 5, 'construction_vehicle': 5, 'traffic_cone': 5, 'barrier': 5, 'motorcycle': 5, 'bicycle': 5, 'pedestrian': 5}}, {'filter_by_difficulty': [-1]}], 'global_random_rotation_range_per_object': [0, 0], 'rate': 1.0}, 'class_names': ['car', 'truck', 'construction_vehicle', 'bus', 'trailer', 'barrier', 'motorcycle', 'bicycle', 'pedestrian', 'traffic_cone']}}, {'type': 'Voxelization', 'cfg': {'range': [-51.2, -51.2, -5.0, 51.2, 51.2, 3.0], 'voxel_size': [0.2, 0.2, 8], 'max_points_in_voxel': 20, 'max_voxel_num': [30000, 60000]}}, {'type': 'AssignLabel', 'cfg': {'target_assigner': {'tasks': [{'num_class': 1, 'class_names': ['car']}, {'num_class': 2, 'class_names': ['truck', 'construction_vehicle']}, {'num_class': 2, 'class_names': ['bus', 'trailer']}, {'num_class': 1, 'class_names': ['barrier']}, {'num_class': 2, 'class_names': ['motorcycle', 'bicycle']}, {'num_class': 2, 'class_names': ['pedestrian', 'traffic_cone']}]}, 'out_size_factor': 4, 'gaussian_overlap': 0.1, 'max_objs': 500, 'min_radius': 2}}, {'type': 'Reformat'}]\n",
      "2024-03-28 11:03:49,909 - INFO - class_names: ['car', 'truck', 'construction_vehicle', 'bus', 'trailer', 'barrier', 'motorcycle', 'bicycle', 'pedestrian', 'traffic_cone']\n",
      "2024-03-28 11:03:49,910 - INFO - nsweeps: 10\n",
      "2024-03-28 11:03:49,910 - INFO - root_path: data/nuScenes\n",
      "2024-03-28 11:03:49,910 - INFO - _info_path: data/nuScenes/infos_train_10sweeps_withvelo_filter_True.pkl\n",
      "2024-03-28 11:03:49,911 - INFO - _class_names: ['car', 'truck', 'construction_vehicle', 'bus', 'trailer', 'barrier', 'motorcycle', 'bicycle', 'pedestrian', 'traffic_cone']\n"
     ]
    }
   ],
   "source": [
    "# __init__\n",
    "import pickle\n",
    "general_to_detection = {\n",
    "    \"human.pedestrian.adult\": \"pedestrian\",\n",
    "    \"human.pedestrian.child\": \"pedestrian\",\n",
    "    \"human.pedestrian.wheelchair\": \"ignore\",\n",
    "    \"human.pedestrian.stroller\": \"ignore\",\n",
    "    \"human.pedestrian.personal_mobility\": \"ignore\",\n",
    "    \"human.pedestrian.police_officer\": \"pedestrian\",\n",
    "    \"human.pedestrian.construction_worker\": \"pedestrian\",\n",
    "    \"animal\": \"ignore\",\n",
    "    \"vehicle.car\": \"car\",\n",
    "    \"vehicle.motorcycle\": \"motorcycle\",\n",
    "    \"vehicle.bicycle\": \"bicycle\",\n",
    "    \"vehicle.bus.bendy\": \"bus\",\n",
    "    \"vehicle.bus.rigid\": \"bus\",\n",
    "    \"vehicle.truck\": \"truck\",\n",
    "    \"vehicle.construction\": \"construction_vehicle\",\n",
    "    \"vehicle.emergency.ambulance\": \"ignore\",\n",
    "    \"vehicle.emergency.police\": \"ignore\",\n",
    "    \"vehicle.trailer\": \"trailer\",\n",
    "    \"movable_object.barrier\": \"barrier\",\n",
    "    \"movable_object.trafficcone\": \"traffic_cone\",\n",
    "    \"movable_object.pushable_pullable\": \"ignore\",\n",
    "    \"movable_object.debris\": \"ignore\",\n",
    "    \"static_object.bicycle_rack\": \"ignore\",\n",
    "}\n",
    "def load_infos(info_path, class_names, load_interval, test_mode):\n",
    "\n",
    "    with open(info_path, \"rb\") as f:\n",
    "        _nusc_infos_all = pickle.load(f)\n",
    "\n",
    "    _nusc_infos_all = _nusc_infos_all[::load_interval]\n",
    "\n",
    "    if not test_mode:  # if training\n",
    "        frac = int(len(_nusc_infos_all) * 0.25)\n",
    "\n",
    "        _cls_infos = {name: [] for name in class_names}\n",
    "        for info in _nusc_infos_all:\n",
    "            for name in set(info[\"gt_names\"]):\n",
    "                if name in class_names:\n",
    "                    _cls_infos[name].append(info)\n",
    "\n",
    "        duplicated_samples = sum([len(v) for _, v in _cls_infos.items()])\n",
    "        _cls_dist = {k: len(v) / max(duplicated_samples, 1) for k, v in _cls_infos.items()}\n",
    "\n",
    "        _nusc_infos = []\n",
    "\n",
    "        frac = 1.0 / len(class_names)\n",
    "        ratios = [frac / v for v in _cls_dist.values()]\n",
    "\n",
    "        for cls_infos, ratio in zip(list(_cls_infos.values()), ratios):\n",
    "            _nusc_infos += np.random.choice(\n",
    "                cls_infos, int(len(cls_infos) * ratio)\n",
    "            ).tolist()\n",
    "\n",
    "        _cls_infos = {name: [] for name in class_names}\n",
    "        for info in _nusc_infos:\n",
    "            for name in set(info[\"gt_names\"]):\n",
    "                if name in class_names:\n",
    "                    _cls_infos[name].append(info)\n",
    "\n",
    "        _cls_dist = {\n",
    "            k: len(v) / len(_nusc_infos) for k, v in _cls_infos.items()\n",
    "        }\n",
    "    else:\n",
    "        if isinstance(_nusc_infos_all, dict):\n",
    "            _nusc_infos = []\n",
    "            for v in _nusc_infos_all.values():\n",
    "                _nusc_infos.extend(v)\n",
    "        else:\n",
    "            _nusc_infos = _nusc_infos_all\n",
    "    \n",
    "    return _nusc_infos\n",
    "\n",
    "pipeline = args[\"pipeline\"]\n",
    "class_names = args[\"class_names\"]\n",
    "test_mode = False\n",
    "version=\"v1.0-trainval\"\n",
    "load_interval = 1\n",
    "nsweeps = args[\"nsweeps\"]\n",
    "root_path = args[\"root_path\"]\n",
    "assert nsweeps > 0\n",
    "_info_path = args[\"info_path\"]\n",
    "_class_names = args[\"class_names\"]\n",
    "_num_point_features = 5\n",
    "virtual = args.get('virtual', False)\n",
    "eval_version = \"detection_cvpr_2019\"\n",
    "\n",
    "_nusc_infos = load_infos(_info_path, _class_names, load_interval, test_mode)\n",
    "\n",
    "logger.info(f\"pipeline: {pipeline}\")\n",
    "logger.info(f\"class_names: {class_names}\")\n",
    "logger.info(f\"nsweeps: {nsweeps}\")\n",
    "logger.info(f\"root_path: {root_path}\")\n",
    "logger.info(f\"_info_path: {_info_path}\")\n",
    "logger.info(f\"_class_names: {_class_names}\")"
   ]
  },
  {
   "cell_type": "code",
   "execution_count": 9,
   "metadata": {},
   "outputs": [
    {
     "name": "stderr",
     "output_type": "stream",
     "text": [
      "2024-03-28 11:03:49,915 - INFO - len(_nusc_infos): 123580\n",
      "2024-03-28 11:03:49,915 - INFO - key of _nusc_infos: lidar_path\n",
      "2024-03-28 11:03:49,916 - INFO - key of _nusc_infos: cam_front_path\n",
      "2024-03-28 11:03:49,916 - INFO - key of _nusc_infos: cam_intrinsic\n",
      "2024-03-28 11:03:49,916 - INFO - key of _nusc_infos: token\n",
      "2024-03-28 11:03:49,917 - INFO - key of _nusc_infos: sweeps\n",
      "2024-03-28 11:03:49,917 - INFO - key of _nusc_infos: ref_from_car\n",
      "2024-03-28 11:03:49,917 - INFO - key of _nusc_infos: car_from_global\n",
      "2024-03-28 11:03:49,917 - INFO - key of _nusc_infos: timestamp\n",
      "2024-03-28 11:03:49,917 - INFO - key of _nusc_infos: all_cams_from_lidar\n",
      "2024-03-28 11:03:49,917 - INFO - key of _nusc_infos: all_cams_intrinsic\n",
      "2024-03-28 11:03:49,918 - INFO - key of _nusc_infos: all_cams_path\n",
      "2024-03-28 11:03:49,918 - INFO - key of _nusc_infos: gt_boxes\n",
      "2024-03-28 11:03:49,918 - INFO - key of _nusc_infos: gt_boxes_velocity\n",
      "2024-03-28 11:03:49,918 - INFO - key of _nusc_infos: gt_names\n",
      "2024-03-28 11:03:49,918 - INFO - key of _nusc_infos: gt_boxes_token\n"
     ]
    },
    {
     "data": {
      "text/plain": [
       "{'lidar_path': '/mnt/hdd0/nuScenes/samples/LIDAR_TOP/n015-2018-08-02-17-28-51+0800__LIDAR_TOP__1533202437449640.pcd.bin',\n",
       " 'cam_front_path': '/mnt/hdd0/nuScenes/samples/CAM_FRONT/n015-2018-08-02-17-28-51+0800__CAM_FRONT__1533202437412460.jpg',\n",
       " 'cam_intrinsic': array([[1.26641720e+03, 0.00000000e+00, 8.16267020e+02],\n",
       "        [0.00000000e+00, 1.26641720e+03, 4.91507066e+02],\n",
       "        [0.00000000e+00, 0.00000000e+00, 1.00000000e+00]]),\n",
       " 'token': 'a402bff32036426bbde0c1c43042562f',\n",
       " 'sweeps': [{'lidar_path': '/mnt/hdd0/nuScenes/sweeps/LIDAR_TOP/n015-2018-08-02-17-28-51+0800__LIDAR_TOP__1533202437399861.pcd.bin',\n",
       "   'sample_data_token': 'c7606aaf6fed46989f035fe24258f853',\n",
       "   'transform_matrix': array([[ 9.99998647e-01, -1.60022652e-03,  3.82385421e-04,\n",
       "           -7.25997684e-04],\n",
       "          [ 1.60008733e-03,  9.99998654e-01,  3.64049915e-04,\n",
       "           -5.22938519e-01],\n",
       "          [-3.82967469e-04, -3.63437572e-04,  9.99999861e-01,\n",
       "           -9.31061581e-03],\n",
       "          [ 0.00000000e+00,  0.00000000e+00,  0.00000000e+00,\n",
       "            1.00000000e+00]]),\n",
       "   'global_from_car': array([[ 3.09801904e-01,  9.50711793e-01, -1.30333265e-02,\n",
       "            5.20363044e+02],\n",
       "          [-9.50777456e-01,  3.09861808e-01,  2.80890003e-03,\n",
       "            1.53565505e+03],\n",
       "          [ 6.70898450e-03,  1.15215904e-02,  9.99911117e-01,\n",
       "            0.00000000e+00],\n",
       "          [ 0.00000000e+00,  0.00000000e+00,  0.00000000e+00,\n",
       "            1.00000000e+00]]),\n",
       "   'car_from_current': array([[ 0.00203327,  0.99970406,  0.02424172,  0.943713  ],\n",
       "          [-0.99998053,  0.00217566, -0.00584864,  0.        ],\n",
       "          [-0.00589965, -0.02422936,  0.99968902,  1.84023   ],\n",
       "          [ 0.        ,  0.        ,  0.        ,  1.        ]]),\n",
       "   'time_lag': 0.04977917671203613,\n",
       "   'all_cams_from_lidar': [array([[ 0.99997137,  0.00316414,  0.00687389,  0.01146529],\n",
       "           [ 0.00681342,  0.01874102, -0.99980116, -0.32501507],\n",
       "           [-0.00329233,  0.99981936,  0.01871893, -0.89273386],\n",
       "           [ 0.        ,  0.        ,  0.        ,  1.        ]]),\n",
       "    array([[ 0.55117176, -0.83398206, -0.02614588,  0.40983744],\n",
       "           [-0.01033183,  0.02451134, -0.99964616, -0.33762692],\n",
       "           [ 0.83432784,  0.55124687,  0.0048934 , -0.87106791],\n",
       "           [ 0.        ,  0.        ,  0.        ,  1.        ]]),\n",
       "    array([[-0.35603005, -0.9338096 , -0.03524534,  0.02132143],\n",
       "           [-0.00542043,  0.0397798 , -0.99919377, -0.26873655],\n",
       "           [ 0.93445879, -0.35555196, -0.01922446, -0.5071461 ],\n",
       "           [ 0.        ,  0.        ,  0.        ,  1.        ]]),\n",
       "    array([[-0.99994387,  0.00416471, -0.00974193, -0.00288228],\n",
       "           [ 0.00977228,  0.00732983, -0.99992539, -0.27784207],\n",
       "           [-0.00409299, -0.99996446, -0.00737012, -1.03841106],\n",
       "           [ 0.        ,  0.        ,  0.        ,  1.        ]]),\n",
       "    array([[-0.31719464,  0.94803502,  0.02484285, -0.21784582],\n",
       "           [ 0.01987368,  0.03283463, -0.99926319, -0.24289495],\n",
       "           [-0.9481522 , -0.31646721, -0.02925592, -0.4422499 ],\n",
       "           [ 0.        ,  0.        ,  0.        ,  1.        ]]),\n",
       "    array([[ 0.57300829,  0.81927583,  0.02118025, -0.23814238],\n",
       "           [ 0.00271376,  0.02394687, -0.99970955, -0.33259557],\n",
       "           [-0.81954508,  0.57289934,  0.01149844, -0.7675114 ],\n",
       "           [ 0.        ,  0.        ,  0.        ,  1.        ]])],\n",
       "   'all_cams_intrinsic': [array([[1.26641720e+03, 0.00000000e+00, 8.16267020e+02],\n",
       "           [0.00000000e+00, 1.26641720e+03, 4.91507066e+02],\n",
       "           [0.00000000e+00, 0.00000000e+00, 1.00000000e+00]]),\n",
       "    array([[1.26084744e+03, 0.00000000e+00, 8.07968245e+02],\n",
       "           [0.00000000e+00, 1.26084744e+03, 4.95334427e+02],\n",
       "           [0.00000000e+00, 0.00000000e+00, 1.00000000e+00]]),\n",
       "    array([[1.25951374e+03, 0.00000000e+00, 8.07252905e+02],\n",
       "           [0.00000000e+00, 1.25951374e+03, 5.01195799e+02],\n",
       "           [0.00000000e+00, 0.00000000e+00, 1.00000000e+00]]),\n",
       "    array([[809.22099057,   0.        , 829.21960033],\n",
       "           [  0.        , 809.22099057, 481.77842385],\n",
       "           [  0.        ,   0.        ,   1.        ]]),\n",
       "    array([[1.25674148e+03, 0.00000000e+00, 7.92112574e+02],\n",
       "           [0.00000000e+00, 1.25674148e+03, 4.92775747e+02],\n",
       "           [0.00000000e+00, 0.00000000e+00, 1.00000000e+00]]),\n",
       "    array([[1.27259795e+03, 0.00000000e+00, 8.26615493e+02],\n",
       "           [0.00000000e+00, 1.27259795e+03, 4.79751654e+02],\n",
       "           [0.00000000e+00, 0.00000000e+00, 1.00000000e+00]])],\n",
       "   'all_cams_path': ['/mnt/hdd0/nuScenes/samples/CAM_FRONT/n015-2018-08-02-17-28-51+0800__CAM_FRONT__1533202437412460.jpg',\n",
       "    '/mnt/hdd0/nuScenes/samples/CAM_FRONT_RIGHT/n015-2018-08-02-17-28-51+0800__CAM_FRONT_RIGHT__1533202437420339.jpg',\n",
       "    '/mnt/hdd0/nuScenes/sweeps/CAM_BACK_RIGHT/n015-2018-08-02-17-28-51+0800__CAM_BACK_RIGHT__1533202437377893.jpg',\n",
       "    '/mnt/hdd0/nuScenes/sweeps/CAM_BACK/n015-2018-08-02-17-28-51+0800__CAM_BACK__1533202437387525.jpg',\n",
       "    '/mnt/hdd0/nuScenes/sweeps/CAM_BACK_LEFT/n015-2018-08-02-17-28-51+0800__CAM_BACK_LEFT__1533202437397423.jpg',\n",
       "    '/mnt/hdd0/nuScenes/samples/CAM_FRONT_LEFT/n015-2018-08-02-17-28-51+0800__CAM_FRONT_LEFT__1533202437404844.jpg']},\n",
       "  {'lidar_path': '/mnt/hdd0/nuScenes/sweeps/LIDAR_TOP/n015-2018-08-02-17-28-51+0800__LIDAR_TOP__1533202437349525.pcd.bin',\n",
       "   'sample_data_token': '85c71b500fec4fe291e47f355c1f2da0',\n",
       "   'transform_matrix': array([[ 9.99993114e-01, -3.71112440e-03,  1.28961586e-06,\n",
       "           -5.32298647e-03],\n",
       "          [ 3.71111989e-03,  9.99992333e-01,  1.24954390e-03,\n",
       "           -1.04331010e+00],\n",
       "          [-5.92681883e-06, -1.24953051e-03,  9.99999219e-01,\n",
       "           -1.91050348e-02],\n",
       "          [ 0.00000000e+00,  0.00000000e+00,  0.00000000e+00,\n",
       "            1.00000000e+00]]),\n",
       "   'global_from_car': array([[ 3.11832108e-01,  9.50055661e-01, -1.24489559e-02,\n",
       "            5.20202917e+02],\n",
       "          [-9.50119150e-01,  3.11880218e-01,  2.08121598e-03,\n",
       "            1.53615196e+03],\n",
       "          [ 5.85985409e-03,  1.11790014e-02,  9.99920343e-01,\n",
       "            0.00000000e+00],\n",
       "          [ 0.00000000e+00,  0.00000000e+00,  0.00000000e+00,\n",
       "            1.00000000e+00]]),\n",
       "   'car_from_current': array([[ 0.00203327,  0.99970406,  0.02424172,  0.943713  ],\n",
       "          [-0.99998053,  0.00217566, -0.00584864,  0.        ],\n",
       "          [-0.00589965, -0.02422936,  0.99968902,  1.84023   ],\n",
       "          [ 0.        ,  0.        ,  0.        ,  1.        ]]),\n",
       "   'time_lag': 0.10011506080627441,\n",
       "   'all_cams_from_lidar': [array([[ 0.99997329,  0.00294178,  0.00669098,  0.00985863],\n",
       "           [ 0.00663449,  0.01881215, -0.99980102, -0.32483365],\n",
       "           [-0.00306707,  0.99981871,  0.01879213, -0.89298023],\n",
       "           [ 0.        ,  0.        ,  0.        ,  1.        ]]),\n",
       "    array([[ 0.55092917, -0.83413268, -0.02645227,  0.40790032],\n",
       "           [-0.01067524,  0.02465006, -0.99963914, -0.33728686],\n",
       "           [ 0.83448373,  0.55101275,  0.00467587, -0.8725994 ],\n",
       "           [ 0.        ,  0.        ,  0.        ,  1.        ]]),\n",
       "    array([[-0.35801372, -0.93302447, -0.0359376 ,  0.50952228],\n",
       "           [-0.00571395,  0.04067733, -0.999156  , -0.27942939],\n",
       "           [ 0.93369884, -0.35750621, -0.0198943 , -0.32700939],\n",
       "           [ 0.        ,  0.        ,  0.        ,  1.        ]]),\n",
       "    array([[-9.99936464e-01,  6.28378276e-03, -9.35857552e-03,\n",
       "             4.73419897e-04],\n",
       "           [ 9.40994672e-03,  8.19602202e-03, -9.99922136e-01,\n",
       "            -2.71724372e-01],\n",
       "           [-6.20659039e-03, -9.99946668e-01, -8.25463134e-03,\n",
       "            -5.17973785e-01],\n",
       "           [ 0.00000000e+00,  0.00000000e+00,  0.00000000e+00,\n",
       "             1.00000000e+00]]),\n",
       "    array([[-0.31518331,  0.94867996,  0.02580333, -0.7096923 ],\n",
       "           [ 0.01956542,  0.03367884, -0.99924118, -0.25011035],\n",
       "           [-0.94882911, -0.31443929, -0.02917633, -0.27213634],\n",
       "           [ 0.        ,  0.        ,  0.        ,  1.        ]]),\n",
       "    array([[ 0.5731363 ,  0.81918603,  0.02119014, -0.23985264],\n",
       "           [ 0.00273203,  0.02394836, -0.99970946, -0.33254848],\n",
       "           [-0.8194555 ,  0.57302768,  0.01148763, -0.76781917],\n",
       "           [ 0.        ,  0.        ,  0.        ,  1.        ]])],\n",
       "   'all_cams_intrinsic': [array([[1.26641720e+03, 0.00000000e+00, 8.16267020e+02],\n",
       "           [0.00000000e+00, 1.26641720e+03, 4.91507066e+02],\n",
       "           [0.00000000e+00, 0.00000000e+00, 1.00000000e+00]]),\n",
       "    array([[1.26084744e+03, 0.00000000e+00, 8.07968245e+02],\n",
       "           [0.00000000e+00, 1.26084744e+03, 4.95334427e+02],\n",
       "           [0.00000000e+00, 0.00000000e+00, 1.00000000e+00]]),\n",
       "    array([[1.25951374e+03, 0.00000000e+00, 8.07252905e+02],\n",
       "           [0.00000000e+00, 1.25951374e+03, 5.01195799e+02],\n",
       "           [0.00000000e+00, 0.00000000e+00, 1.00000000e+00]]),\n",
       "    array([[809.22099057,   0.        , 829.21960033],\n",
       "           [  0.        , 809.22099057, 481.77842385],\n",
       "           [  0.        ,   0.        ,   1.        ]]),\n",
       "    array([[1.25674148e+03, 0.00000000e+00, 7.92112574e+02],\n",
       "           [0.00000000e+00, 1.25674148e+03, 4.92775747e+02],\n",
       "           [0.00000000e+00, 0.00000000e+00, 1.00000000e+00]]),\n",
       "    array([[1.27259795e+03, 0.00000000e+00, 8.26615493e+02],\n",
       "           [0.00000000e+00, 1.27259795e+03, 4.79751654e+02],\n",
       "           [0.00000000e+00, 0.00000000e+00, 1.00000000e+00]])],\n",
       "   'all_cams_path': ['/mnt/hdd0/nuScenes/sweeps/CAM_FRONT/n015-2018-08-02-17-28-51+0800__CAM_FRONT__1533202437362460.jpg',\n",
       "    '/mnt/hdd0/nuScenes/sweeps/CAM_FRONT_RIGHT/n015-2018-08-02-17-28-51+0800__CAM_FRONT_RIGHT__1533202437370339.jpg',\n",
       "    '/mnt/hdd0/nuScenes/sweeps/CAM_BACK_RIGHT/n015-2018-08-02-17-28-51+0800__CAM_BACK_RIGHT__1533202437377893.jpg',\n",
       "    '/mnt/hdd0/nuScenes/sweeps/CAM_BACK/n015-2018-08-02-17-28-51+0800__CAM_BACK__1533202437387525.jpg',\n",
       "    '/mnt/hdd0/nuScenes/sweeps/CAM_BACK_LEFT/n015-2018-08-02-17-28-51+0800__CAM_BACK_LEFT__1533202437397423.jpg',\n",
       "    '/mnt/hdd0/nuScenes/sweeps/CAM_FRONT_LEFT/n015-2018-08-02-17-28-51+0800__CAM_FRONT_LEFT__1533202437354844.jpg']},\n",
       "  {'lidar_path': '/mnt/hdd0/nuScenes/sweeps/LIDAR_TOP/n015-2018-08-02-17-28-51+0800__LIDAR_TOP__1533202437299206.pcd.bin',\n",
       "   'sample_data_token': 'f96063345f334f2ca33eaebfb53dd9b6',\n",
       "   'transform_matrix': array([[ 0.99998074, -0.005927  ,  0.00184161, -0.00501565],\n",
       "          [ 0.00592261,  0.99997963,  0.0023809 , -1.56744056],\n",
       "          [-0.00185568, -0.00236995,  0.99999547, -0.02915359],\n",
       "          [ 0.        ,  0.        ,  0.        ,  1.        ]]),\n",
       "   'global_from_car': array([[ 3.13913411e-01,  9.49349836e-01, -1.39017865e-02,\n",
       "            5.20040664e+02],\n",
       "          [-9.49439619e-01,  3.13949398e-01,  4.30135170e-04,\n",
       "            1.53665261e+03],\n",
       "          [ 4.77280627e-03,  1.30638817e-02,  9.99903273e-01,\n",
       "            0.00000000e+00],\n",
       "          [ 0.00000000e+00,  0.00000000e+00,  0.00000000e+00,\n",
       "            1.00000000e+00]]),\n",
       "   'car_from_current': array([[ 0.00203327,  0.99970406,  0.02424172,  0.943713  ],\n",
       "          [-0.99998053,  0.00217566, -0.00584864,  0.        ],\n",
       "          [-0.00589965, -0.02422936,  0.99968902,  1.84023   ],\n",
       "          [ 0.        ,  0.        ,  0.        ,  1.        ]]),\n",
       "   'time_lag': 0.15043401718139648,\n",
       "   'all_cams_from_lidar': [array([[ 0.99997757,  0.00473112,  0.00474087,  0.01406057],\n",
       "           [ 0.00465634,  0.01772011, -0.99983214, -0.32649212],\n",
       "           [-0.00481434,  0.99983179,  0.01769769, -0.38316706],\n",
       "           [ 0.        ,  0.        ,  0.        ,  1.        ]]),\n",
       "    array([[ 0.55241468, -0.83315317, -0.02634037, -0.01634745],\n",
       "           [-0.01218625,  0.0235242 , -0.99964899, -0.33584396],\n",
       "           [ 0.83348036,  0.55254177,  0.00284211, -0.58843389],\n",
       "           [ 0.        ,  0.        ,  0.        ,  1.        ]]),\n",
       "    array([[-0.35628568, -0.93373692, -0.03458137,  0.03060869],\n",
       "           [-0.00678433,  0.03959425, -0.99919281, -0.26956313],\n",
       "           [ 0.93435244, -0.35576348, -0.02044164, -0.50611607],\n",
       "           [ 0.        ,  0.        ,  0.        ,  1.        ]]),\n",
       "    array([[-0.99995002,  0.00429935, -0.00902674, -0.00168764],\n",
       "           [ 0.00905751,  0.00719063, -0.99993313, -0.27814809],\n",
       "           [-0.00423416, -0.9999649 , -0.00722921, -1.03030423],\n",
       "           [ 0.        ,  0.        ,  0.        ,  1.        ]]),\n",
       "    array([[-0.31707955,  0.94807297,  0.02486373, -0.2243885 ],\n",
       "           [ 0.01975045,  0.03281178, -0.99926638, -0.24306301],\n",
       "           [-0.94819327, -0.31635586, -0.02912882, -0.43953134],\n",
       "           [ 0.        ,  0.        ,  0.        ,  1.        ]]),\n",
       "    array([[ 5.71757326e-01,  8.20203595e-01,  1.89637438e-02,\n",
       "             1.78485721e-01],\n",
       "           [ 2.15681291e-04,  2.29643288e-02, -9.99736262e-01,\n",
       "            -3.31613734e-01],\n",
       "           [-8.20422766e-01,  5.71610621e-01,  1.29531206e-02,\n",
       "            -4.77383944e-01],\n",
       "           [ 0.00000000e+00,  0.00000000e+00,  0.00000000e+00,\n",
       "             1.00000000e+00]])],\n",
       "   'all_cams_intrinsic': [array([[1.26641720e+03, 0.00000000e+00, 8.16267020e+02],\n",
       "           [0.00000000e+00, 1.26641720e+03, 4.91507066e+02],\n",
       "           [0.00000000e+00, 0.00000000e+00, 1.00000000e+00]]),\n",
       "    array([[1.26084744e+03, 0.00000000e+00, 8.07968245e+02],\n",
       "           [0.00000000e+00, 1.26084744e+03, 4.95334427e+02],\n",
       "           [0.00000000e+00, 0.00000000e+00, 1.00000000e+00]]),\n",
       "    array([[1.25951374e+03, 0.00000000e+00, 8.07252905e+02],\n",
       "           [0.00000000e+00, 1.25951374e+03, 5.01195799e+02],\n",
       "           [0.00000000e+00, 0.00000000e+00, 1.00000000e+00]]),\n",
       "    array([[809.22099057,   0.        , 829.21960033],\n",
       "           [  0.        , 809.22099057, 481.77842385],\n",
       "           [  0.        ,   0.        ,   1.        ]]),\n",
       "    array([[1.25674148e+03, 0.00000000e+00, 7.92112574e+02],\n",
       "           [0.00000000e+00, 1.25674148e+03, 4.92775747e+02],\n",
       "           [0.00000000e+00, 0.00000000e+00, 1.00000000e+00]]),\n",
       "    array([[1.27259795e+03, 0.00000000e+00, 8.26615493e+02],\n",
       "           [0.00000000e+00, 1.27259795e+03, 4.79751654e+02],\n",
       "           [0.00000000e+00, 0.00000000e+00, 1.00000000e+00]])],\n",
       "   'all_cams_path': ['/mnt/hdd0/nuScenes/sweeps/CAM_FRONT/n015-2018-08-02-17-28-51+0800__CAM_FRONT__1533202437262460.jpg',\n",
       "    '/mnt/hdd0/nuScenes/sweeps/CAM_FRONT_RIGHT/n015-2018-08-02-17-28-51+0800__CAM_FRONT_RIGHT__1533202437270339.jpg',\n",
       "    '/mnt/hdd0/nuScenes/sweeps/CAM_BACK_RIGHT/n015-2018-08-02-17-28-51+0800__CAM_BACK_RIGHT__1533202437277893.jpg',\n",
       "    '/mnt/hdd0/nuScenes/sweeps/CAM_BACK/n015-2018-08-02-17-28-51+0800__CAM_BACK__1533202437287525.jpg',\n",
       "    '/mnt/hdd0/nuScenes/sweeps/CAM_BACK_LEFT/n015-2018-08-02-17-28-51+0800__CAM_BACK_LEFT__1533202437297423.jpg',\n",
       "    '/mnt/hdd0/nuScenes/sweeps/CAM_FRONT_LEFT/n015-2018-08-02-17-28-51+0800__CAM_FRONT_LEFT__1533202437254844.jpg']},\n",
       "  {'lidar_path': '/mnt/hdd0/nuScenes/sweeps/LIDAR_TOP/n015-2018-08-02-17-28-51+0800__LIDAR_TOP__1533202437249442.pcd.bin',\n",
       "   'sample_data_token': '2931a2cfe4e24a1bb8b2de6c660335c5',\n",
       "   'transform_matrix': array([[ 0.99996024, -0.00763417,  0.00460792, -0.00245608],\n",
       "          [ 0.00761852,  0.99996519,  0.00340389, -2.07687886],\n",
       "          [-0.00463374, -0.00336865,  0.99998359, -0.03884279],\n",
       "          [ 0.        ,  0.        ,  0.        ,  1.        ]]),\n",
       "   'global_from_car': array([[ 3.15487038e-01,  9.48790646e-01, -1.62554445e-02,\n",
       "            5.19882966e+02],\n",
       "          [-9.48922292e-01,  3.15506754e-01, -1.40422005e-03,\n",
       "            1.53713909e+03],\n",
       "          [ 3.79639169e-03,  1.58681669e-02,  9.99866885e-01,\n",
       "            0.00000000e+00],\n",
       "          [ 0.00000000e+00,  0.00000000e+00,  0.00000000e+00,\n",
       "            1.00000000e+00]]),\n",
       "   'car_from_current': array([[ 0.00203327,  0.99970406,  0.02424172,  0.943713  ],\n",
       "          [-0.99998053,  0.00217566, -0.00584864,  0.        ],\n",
       "          [-0.00589965, -0.02422936,  0.99968902,  1.84023   ],\n",
       "          [ 0.        ,  0.        ,  0.        ,  1.        ]]),\n",
       "   'time_lag': 0.20019817352294922,\n",
       "   'all_cams_from_lidar': [array([[ 0.99996718,  0.00302104,  0.00751788,  0.01115908],\n",
       "           [ 0.00746007,  0.01871384, -0.99979705, -0.32462561],\n",
       "           [-0.00316111,  0.99982032,  0.01869069, -0.89269224],\n",
       "           [ 0.        ,  0.        ,  0.        ,  1.        ]]),\n",
       "    array([[ 0.55106632, -0.83406722, -0.02564743,  0.40812169],\n",
       "           [-0.00937306,  0.02454646, -0.99965475, -0.33692876],\n",
       "           [ 0.83440881,  0.55111645,  0.00570897, -0.87030725],\n",
       "           [ 0.        ,  0.        ,  0.        ,  1.        ]]),\n",
       "    array([[-0.35777762, -0.93309285, -0.03650886,  0.50680658],\n",
       "           [-0.00394507,  0.0406068 , -0.99916742, -0.27884168],\n",
       "           [ 0.93379848, -0.35733571, -0.01820932, -0.32507108],\n",
       "           [ 0.        ,  0.        ,  0.        ,  1.        ]]),\n",
       "    array([[-0.99991236,  0.00601367, -0.01179457, -0.00333977],\n",
       "           [ 0.01184356,  0.00817697, -0.99989643, -0.27091848],\n",
       "           [-0.0059166 , -0.99994849, -0.00824748, -0.52082134],\n",
       "           [ 0.        ,  0.        ,  0.        ,  1.        ]]),\n",
       "    array([[-0.31553267,  0.94858694,  0.0249389 , -0.70748749],\n",
       "           [ 0.02257823,  0.03377917, -0.99917425, -0.2488973 ],\n",
       "           [-0.94864607, -0.31470904, -0.03207584, -0.27763894],\n",
       "           [ 0.        ,  0.        ,  0.        ,  1.        ]]),\n",
       "    array([[ 0.57309815,  0.81920794,  0.02137438, -0.23980056],\n",
       "           [ 0.00302809,  0.02396552, -0.9997082 , -0.33241782],\n",
       "           [-0.81948114,  0.57299565,  0.01125396, -0.76835431],\n",
       "           [ 0.        ,  0.        ,  0.        ,  1.        ]])],\n",
