{
 "cells": [
  {
   "cell_type": "markdown",
   "metadata": {},
   "source": [
    "## 분석목적: nusc 데이터 전처리 코드 분석"
   ]
  },
  {
   "cell_type": "code",
   "execution_count": 1,
   "metadata": {},
   "outputs": [
    {
     "name": "stdout",
     "output_type": "stream",
     "text": [
      "no apex\n",
      "No Tensorflow\n",
      "Deformable Convolution not built!\n",
      "No APEX!\n"
     ]
    }
   ],
   "source": [
    "import argparse\n",
    "import json\n",
    "import os\n",
    "import sys\n",
    "\n",
    "from numba.core.errors import NumbaDeprecationWarning, NumbaPendingDeprecationWarning, NumbaWarning\n",
    "import warnings\n",
    "warnings.simplefilter('ignore', category=NumbaDeprecationWarning)\n",
    "warnings.simplefilter('ignore', category=NumbaWarning)\n",
    "\n",
    "import numpy as np\n",
    "import torch\n",
    "import yaml\n",
    "from det3d.datasets import build_dataset\n",
    "from det3d.models import build_detector\n",
    "from det3d.torchie import Config\n",
    "from det3d.torchie.apis import (\n",
    "    build_optimizer,\n",
    "    get_root_logger,\n",
    "    init_dist,\n",
    "    set_random_seed,\n",
    "    train_detector,\n",
    ")\n",
    "import torch.distributed as dist\n",
    "import subprocess\n",
    "\n",
    "# 주피터 노트북 경로설정\n",
    "os.chdir('../')\n",
    "\n",
    "\n",
    "def parse_args():\n",
    "    parser = argparse.ArgumentParser(description=\"Train a detector\")\n",
    "    parser.add_argument(\"--config\", default=\"configs/nusc/pp/nusc_centerpoint_pp_02voxel_two_pfn_10sweep.py\", help=\"train config file path\")\n",
    "    parser.add_argument(\"--work_dir\", help=\"the dir to save logs and models\")\n",
    "    parser.add_argument(\"--resume_from\", help=\"the checkpoint file to resume from\")\n",
    "    parser.add_argument(\n",
    "        \"--validate\",\n",
    "        action=\"store_true\",\n",
    "        help=\"whether to evaluate the checkpoint during training\",\n",
    "    )\n",
    "    parser.add_argument(\n",
    "        \"--gpus\",\n",
    "        type=int,\n",
    "        default=1,\n",
    "        help=\"number of gpus to use \" \"(only applicable to non-distributed training)\",\n",
    "    )\n",
    "    parser.add_argument(\"--seed\", type=int, default=None, help=\"random seed\")\n",
    "    parser.add_argument(\n",
    "        \"--launcher\",\n",
    "        choices=[\"pytorch\", \"slurm\"],\n",
    "        default=\"pytorch\",\n",
    "        help=\"job launcher\",\n",
    "    )\n",
    "    parser.add_argument(\"--local_rank\", type=int, default=0)\n",
    "    parser.add_argument(\n",
    "        \"--autoscale-lr\",\n",
    "        action=\"store_true\",\n",
    "        help=\"automatically scale lr with the number of gpus\",\n",
    "    )\n",
    "    args = parser.parse_args(args=[])\n",
    "    if \"LOCAL_RANK\" not in os.environ:\n",
    "        os.environ[\"LOCAL_RANK\"] = str(args.local_rank)\n",
    "\n",
    "    return args\n",
    "args = parse_args()"
   ]
  },
  {
   "cell_type": "code",
   "execution_count": 2,
   "metadata": {},
   "outputs": [
    {
     "name": "stderr",
     "output_type": "stream",
     "text": [
      "2024-03-19 13:19:08,995 - INFO - Distributed training: False\n",
      "2024-03-19 13:19:08,996 - INFO - torch.backends.cudnn.benchmark: False\n"
     ]
    }
   ],
   "source": [
    "cfg = Config.fromfile(args.config)\n",
    "cfg.local_rank = args.local_rank\n",
    "distributed = False\n",
    "logger = get_root_logger(cfg.log_level)\n",
    "logger.info(\"Distributed training: {}\".format(distributed))\n",
    "logger.info(f\"torch.backends.cudnn.benchmark: {torch.backends.cudnn.benchmark}\")"
   ]
  },
  {
   "cell_type": "code",
   "execution_count": 3,
   "metadata": {},
   "outputs": [
    {
     "data": {
      "text/plain": [
       "{'type': 'NuScenesDataset',\n",
       " 'root_path': 'data/nuScenes',\n",
       " 'info_path': 'data/nuScenes/infos_train_10sweeps_withvelo_filter_True.pkl',\n",
       " 'ann_file': 'data/nuScenes/infos_train_10sweeps_withvelo_filter_True.pkl',\n",
       " 'nsweeps': 10,\n",
       " 'class_names': ['car',\n",
       "  'truck',\n",
       "  'construction_vehicle',\n",
       "  'bus',\n",
       "  'trailer',\n",
       "  'barrier',\n",
       "  'motorcycle',\n",
       "  'bicycle',\n",
       "  'pedestrian',\n",
       "  'traffic_cone'],\n",
       " 'pipeline': [{'type': 'LoadPointCloudFromFile', 'dataset': 'NuScenesDataset'},\n",
       "  {'type': 'LoadPointCloudAnnotations', 'with_bbox': True},\n",
       "  {'type': 'Preprocess',\n",
       "   'cfg': {'mode': 'train',\n",
       "    'shuffle_points': True,\n",
       "    'global_rot_noise': [-0.3925, 0.3925],\n",
       "    'global_scale_noise': [0.95, 1.05],\n",
       "    'db_sampler': {'type': 'GT-AUG',\n",
       "     'enable': False,\n",
       "     'db_info_path': 'data/nuScenes/dbinfos_train_10sweeps_withvelo.pkl',\n",
       "     'sample_groups': [{'car': 2},\n",
       "      {'truck': 3},\n",
       "      {'construction_vehicle': 7},\n",
       "      {'bus': 4},\n",
       "      {'trailer': 6},\n",
       "      {'barrier': 2},\n",
       "      {'motorcycle': 6},\n",
       "      {'bicycle': 6},\n",
       "      {'pedestrian': 2},\n",
       "      {'traffic_cone': 2}],\n",
       "     'db_prep_steps': [{'filter_by_min_num_points': {'car': 5,\n",
       "        'truck': 5,\n",
       "        'bus': 5,\n",
       "        'trailer': 5,\n",
       "        'construction_vehicle': 5,\n",
       "        'traffic_cone': 5,\n",
       "        'barrier': 5,\n",
       "        'motorcycle': 5,\n",
       "        'bicycle': 5,\n",
       "        'pedestrian': 5}},\n",
       "      {'filter_by_difficulty': [-1]}],\n",
       "     'global_random_rotation_range_per_object': [0, 0],\n",
       "     'rate': 1.0},\n",
       "    'class_names': ['car',\n",
       "     'truck',\n",
       "     'construction_vehicle',\n",
       "     'bus',\n",
       "     'trailer',\n",
       "     'barrier',\n",
       "     'motorcycle',\n",
       "     'bicycle',\n",
       "     'pedestrian',\n",
       "     'traffic_cone']}},\n",
       "  {'type': 'Voxelization',\n",
       "   'cfg': {'range': [-51.2, -51.2, -5.0, 51.2, 51.2, 3.0],\n",
       "    'voxel_size': [0.2, 0.2, 8],\n",
       "    'max_points_in_voxel': 20,\n",
       "    'max_voxel_num': [30000, 60000]}},\n",
       "  {'type': 'AssignLabel',\n",
       "   'cfg': {'target_assigner': {'tasks': [{'num_class': 1,\n",
       "       'class_names': ['car']},\n",
       "      {'num_class': 2, 'class_names': ['truck', 'construction_vehicle']},\n",
       "      {'num_class': 2, 'class_names': ['bus', 'trailer']},\n",
       "      {'num_class': 1, 'class_names': ['barrier']},\n",
       "      {'num_class': 2, 'class_names': ['motorcycle', 'bicycle']},\n",
       "      {'num_class': 2, 'class_names': ['pedestrian', 'traffic_cone']}]},\n",
       "    'out_size_factor': 4,\n",
       "    'gaussian_overlap': 0.1,\n",
       "    'max_objs': 500,\n",
       "    'min_radius': 2}},\n",
       "  {'type': 'Reformat'}]}"
      ]
     },
     "execution_count": 3,
     "metadata": {},
     "output_type": "execute_result"
    }
   ],
   "source": [
    "cfg.data.train"
   ]
  },
  {
   "cell_type": "markdown",
   "metadata": {},
   "source": [
    "## build_dataset"
   ]
  },
  {
   "cell_type": "code",
   "execution_count": 4,
   "metadata": {},
   "outputs": [],
   "source": [
    "from det3d.datasets.registry import DATASETS\n",
    "\n",
    "args = cfg.data.train.copy()\n",
    "obj_type = args.pop(\"type\")\n"
   ]
  },
  {
   "cell_type": "code",
   "execution_count": 5,
   "metadata": {},
   "outputs": [
    {
     "name": "stdout",
     "output_type": "stream",
     "text": [
      "root_path\n",
      "info_path\n",
      "ann_file\n",
      "nsweeps\n",
      "class_names\n",
      "pipeline\n"
     ]
    }
   ],
   "source": [
    "for k, v in args.items():\n",
    "    print(f\"{k}\")"
   ]
  },
  {
   "cell_type": "code",
   "execution_count": 6,
   "metadata": {},
   "outputs": [
    {
     "name": "stderr",
     "output_type": "stream",
     "text": [
      "2024-03-19 13:19:16,604 - INFO - {'car': 5, 'truck': 5, 'bus': 5, 'trailer': 5, 'construction_vehicle': 5, 'traffic_cone': 5, 'barrier': 5, 'motorcycle': 5, 'bicycle': 5, 'pedestrian': 5}\n",
      "2024-03-19 13:19:16,604 - INFO - [-1]\n",
      "2024-03-19 13:19:18,303 - INFO - load 62964 traffic_cone database infos\n",
      "2024-03-19 13:19:18,303 - INFO - load 65262 truck database infos\n",
      "2024-03-19 13:19:18,304 - INFO - load 339949 car database infos\n",
      "2024-03-19 13:19:18,304 - INFO - load 161928 pedestrian database infos\n",
      "2024-03-19 13:19:18,304 - INFO - load 26297 ignore database infos\n",
      "2024-03-19 13:19:18,305 - INFO - load 11050 construction_vehicle database infos\n",
      "2024-03-19 13:19:18,305 - INFO - load 107507 barrier database infos\n",
      "2024-03-19 13:19:18,305 - INFO - load 8846 motorcycle database infos\n",
      "2024-03-19 13:19:18,305 - INFO - load 8185 bicycle database infos\n",
      "2024-03-19 13:19:18,305 - INFO - load 12286 bus database infos\n",
      "2024-03-19 13:19:18,306 - INFO - load 19202 trailer database infos\n",
      "2024-03-19 13:19:19,076 - INFO - After filter database:\n",
      "2024-03-19 13:19:19,077 - INFO - load 55823 traffic_cone database infos\n",
      "2024-03-19 13:19:19,077 - INFO - load 60428 truck database infos\n",
      "2024-03-19 13:19:19,077 - INFO - load 294575 car database infos\n",
      "2024-03-19 13:19:19,078 - INFO - load 148872 pedestrian database infos\n",
      "2024-03-19 13:19:19,078 - INFO - load 26297 ignore database infos\n",
      "2024-03-19 13:19:19,078 - INFO - load 10591 construction_vehicle database infos\n",
      "2024-03-19 13:19:19,078 - INFO - load 102093 barrier database infos\n",
      "2024-03-19 13:19:19,078 - INFO - load 8055 motorcycle database infos\n",
      "2024-03-19 13:19:19,079 - INFO - load 7533 bicycle database infos\n",
      "2024-03-19 13:19:19,079 - INFO - load 11622 bus database infos\n",
      "2024-03-19 13:19:19,079 - INFO - load 18104 trailer database infos\n"
     ]
    },
    {
     "name": "stdout",
     "output_type": "stream",
     "text": [
      "10\n"
     ]
    }
   ],
   "source": [
    "obj_cls = DATASETS.get(obj_type)\n",
    "default_args = dict(train_cfg=cfg.train_cfg, test_cfg=cfg.test_cfg)\n",
    "if default_args is not None:\n",
    "    for name, value in default_args.items():\n",
    "        args.setdefault(name, value)\n",
    "datasets = [obj_cls(**args)]"
   ]
  },
  {
   "cell_type": "markdown",
   "metadata": {},
   "source": [
    "## NuScenesDataset"
   ]
  },
  {
   "cell_type": "code",
   "execution_count": 7,
   "metadata": {},
   "outputs": [],
   "source": [
    "# obj_cls = DATASETS.get(obj_type) => det3d.datasets.nuscenes.nuscenes.NuScenesDataset"
   ]
  },
  {
   "cell_type": "code",
   "execution_count": 8,
   "metadata": {},
   "outputs": [
    {
     "name": "stderr",
     "output_type": "stream",
     "text": [
      "2024-03-19 13:19:26,968 - INFO - pipeline: [{'type': 'LoadPointCloudFromFile', 'dataset': 'NuScenesDataset'}, {'type': 'LoadPointCloudAnnotations', 'with_bbox': True}, {'type': 'Preprocess', 'cfg': {'mode': 'train', 'shuffle_points': True, 'global_rot_noise': [-0.3925, 0.3925], 'global_scale_noise': [0.95, 1.05], 'db_sampler': {'type': 'GT-AUG', 'enable': False, 'db_info_path': 'data/nuScenes/dbinfos_train_10sweeps_withvelo.pkl', 'sample_groups': [{'car': 2}, {'truck': 3}, {'construction_vehicle': 7}, {'bus': 4}, {'trailer': 6}, {'barrier': 2}, {'motorcycle': 6}, {'bicycle': 6}, {'pedestrian': 2}, {'traffic_cone': 2}], 'db_prep_steps': [{'filter_by_min_num_points': {'car': 5, 'truck': 5, 'bus': 5, 'trailer': 5, 'construction_vehicle': 5, 'traffic_cone': 5, 'barrier': 5, 'motorcycle': 5, 'bicycle': 5, 'pedestrian': 5}}, {'filter_by_difficulty': [-1]}], 'global_random_rotation_range_per_object': [0, 0], 'rate': 1.0}, 'class_names': ['car', 'truck', 'construction_vehicle', 'bus', 'trailer', 'barrier', 'motorcycle', 'bicycle', 'pedestrian', 'traffic_cone']}}, {'type': 'Voxelization', 'cfg': {'range': [-51.2, -51.2, -5.0, 51.2, 51.2, 3.0], 'voxel_size': [0.2, 0.2, 8], 'max_points_in_voxel': 20, 'max_voxel_num': [30000, 60000]}}, {'type': 'AssignLabel', 'cfg': {'target_assigner': {'tasks': [{'num_class': 1, 'class_names': ['car']}, {'num_class': 2, 'class_names': ['truck', 'construction_vehicle']}, {'num_class': 2, 'class_names': ['bus', 'trailer']}, {'num_class': 1, 'class_names': ['barrier']}, {'num_class': 2, 'class_names': ['motorcycle', 'bicycle']}, {'num_class': 2, 'class_names': ['pedestrian', 'traffic_cone']}]}, 'out_size_factor': 4, 'gaussian_overlap': 0.1, 'max_objs': 500, 'min_radius': 2}}, {'type': 'Reformat'}]\n",
      "2024-03-19 13:19:26,968 - INFO - class_names: ['car', 'truck', 'construction_vehicle', 'bus', 'trailer', 'barrier', 'motorcycle', 'bicycle', 'pedestrian', 'traffic_cone']\n",
      "2024-03-19 13:19:26,969 - INFO - nsweeps: 10\n",
      "2024-03-19 13:19:26,969 - INFO - root_path: data/nuScenes\n",
      "2024-03-19 13:19:26,969 - INFO - _info_path: data/nuScenes/infos_train_10sweeps_withvelo_filter_True.pkl\n",
      "2024-03-19 13:19:26,970 - INFO - _class_names: ['car', 'truck', 'construction_vehicle', 'bus', 'trailer', 'barrier', 'motorcycle', 'bicycle', 'pedestrian', 'traffic_cone']\n"
     ]
    }
   ],
   "source": [
    "# __init__\n",
    "import pickle\n",
    "general_to_detection = {\n",
    "    \"human.pedestrian.adult\": \"pedestrian\",\n",
    "    \"human.pedestrian.child\": \"pedestrian\",\n",
    "    \"human.pedestrian.wheelchair\": \"ignore\",\n",
    "    \"human.pedestrian.stroller\": \"ignore\",\n",
    "    \"human.pedestrian.personal_mobility\": \"ignore\",\n",
    "    \"human.pedestrian.police_officer\": \"pedestrian\",\n",
    "    \"human.pedestrian.construction_worker\": \"pedestrian\",\n",
    "    \"animal\": \"ignore\",\n",
    "    \"vehicle.car\": \"car\",\n",
    "    \"vehicle.motorcycle\": \"motorcycle\",\n",
    "    \"vehicle.bicycle\": \"bicycle\",\n",
    "    \"vehicle.bus.bendy\": \"bus\",\n",
    "    \"vehicle.bus.rigid\": \"bus\",\n",
    "    \"vehicle.truck\": \"truck\",\n",
    "    \"vehicle.construction\": \"construction_vehicle\",\n",
    "    \"vehicle.emergency.ambulance\": \"ignore\",\n",
    "    \"vehicle.emergency.police\": \"ignore\",\n",
    "    \"vehicle.trailer\": \"trailer\",\n",
    "    \"movable_object.barrier\": \"barrier\",\n",
    "    \"movable_object.trafficcone\": \"traffic_cone\",\n",
    "    \"movable_object.pushable_pullable\": \"ignore\",\n",
    "    \"movable_object.debris\": \"ignore\",\n",
    "    \"static_object.bicycle_rack\": \"ignore\",\n",
    "}\n",
    "def load_infos(info_path, class_names, load_interval, test_mode):\n",
    "\n",
    "    with open(info_path, \"rb\") as f:\n",
    "        _nusc_infos_all = pickle.load(f)\n",
    "\n",
    "    _nusc_infos_all = _nusc_infos_all[::load_interval]\n",
    "\n",
    "    if not test_mode:  # if training\n",
    "        frac = int(len(_nusc_infos_all) * 0.25)\n",
    "\n",
    "        _cls_infos = {name: [] for name in class_names}\n",
    "        for info in _nusc_infos_all:\n",
    "            for name in set(info[\"gt_names\"]):\n",
    "                if name in class_names:\n",
    "                    _cls_infos[name].append(info)\n",
    "\n",
    "        duplicated_samples = sum([len(v) for _, v in _cls_infos.items()])\n",
    "        _cls_dist = {k: len(v) / max(duplicated_samples, 1) for k, v in _cls_infos.items()}\n",
    "\n",
    "        _nusc_infos = []\n",
    "\n",
    "        frac = 1.0 / len(class_names)\n",
    "        ratios = [frac / v for v in _cls_dist.values()]\n",
    "\n",
    "        for cls_infos, ratio in zip(list(_cls_infos.values()), ratios):\n",
    "            _nusc_infos += np.random.choice(\n",
    "                cls_infos, int(len(cls_infos) * ratio)\n",
    "            ).tolist()\n",
    "\n",
    "        _cls_infos = {name: [] for name in class_names}\n",
    "        for info in _nusc_infos:\n",
    "            for name in set(info[\"gt_names\"]):\n",
    "                if name in class_names:\n",
    "                    _cls_infos[name].append(info)\n",
    "\n",
    "        _cls_dist = {\n",
    "            k: len(v) / len(_nusc_infos) for k, v in _cls_infos.items()\n",
    "        }\n",
    "    else:\n",
    "        if isinstance(_nusc_infos_all, dict):\n",
    "            _nusc_infos = []\n",
    "            for v in _nusc_infos_all.values():\n",
    "                _nusc_infos.extend(v)\n",
    "        else:\n",
    "            _nusc_infos = _nusc_infos_all\n",
    "    \n",
    "    return _nusc_infos\n",
    "\n",
    "pipeline = args[\"pipeline\"]\n",
    "class_names = args[\"class_names\"]\n",
    "test_mode = False\n",
    "version=\"v1.0-trainval\"\n",
    "load_interval = 1\n",
    "nsweeps = args[\"nsweeps\"]\n",
    "root_path = args[\"root_path\"]\n",
    "assert nsweeps > 0\n",
    "_info_path = args[\"info_path\"]\n",
    "_class_names = args[\"class_names\"]\n",
    "_num_point_features = 5\n",
    "virtual = args.get('virtual', False)\n",
    "eval_version = \"detection_cvpr_2019\"\n",
    "\n",
    "_nusc_infos = load_infos(_info_path, _class_names, load_interval, test_mode)\n",
    "\n",
    "logger.info(f\"pipeline: {pipeline}\")\n",
    "logger.info(f\"class_names: {class_names}\")\n",
    "logger.info(f\"nsweeps: {nsweeps}\")\n",
    "logger.info(f\"root_path: {root_path}\")\n",
    "logger.info(f\"_info_path: {_info_path}\")\n",
    "logger.info(f\"_class_names: {_class_names}\")"
   ]
  },
  {
   "cell_type": "code",
   "execution_count": 9,
   "metadata": {},
   "outputs": [
    {
     "name": "stderr",
     "output_type": "stream",
     "text": [
      "2024-03-19 13:19:26,974 - INFO - len(_nusc_infos): 123580\n",
      "2024-03-19 13:19:26,975 - INFO - key of _nusc_infos: lidar_path\n",
      "2024-03-19 13:19:26,975 - INFO - key of _nusc_infos: cam_front_path\n",
      "2024-03-19 13:19:26,975 - INFO - key of _nusc_infos: cam_intrinsic\n",
      "2024-03-19 13:19:26,975 - INFO - key of _nusc_infos: token\n",
      "2024-03-19 13:19:26,975 - INFO - key of _nusc_infos: sweeps\n",
      "2024-03-19 13:19:26,975 - INFO - key of _nusc_infos: ref_from_car\n",
      "2024-03-19 13:19:26,976 - INFO - key of _nusc_infos: car_from_global\n",
      "2024-03-19 13:19:26,976 - INFO - key of _nusc_infos: timestamp\n",
      "2024-03-19 13:19:26,976 - INFO - key of _nusc_infos: all_cams_from_lidar\n",
      "2024-03-19 13:19:26,976 - INFO - key of _nusc_infos: all_cams_intrinsic\n",
      "2024-03-19 13:19:26,976 - INFO - key of _nusc_infos: all_cams_path\n",
      "2024-03-19 13:19:26,976 - INFO - key of _nusc_infos: gt_boxes\n",
      "2024-03-19 13:19:26,977 - INFO - key of _nusc_infos: gt_boxes_velocity\n",
      "2024-03-19 13:19:26,977 - INFO - key of _nusc_infos: gt_names\n",
      "2024-03-19 13:19:26,977 - INFO - key of _nusc_infos: gt_boxes_token\n"
     ]
    },
    {
     "data": {
      "text/plain": [
       "{'lidar_path': '/mnt/hdd0/nuScenes/samples/LIDAR_TOP/n008-2018-07-26-12-13-50-0400__LIDAR_TOP__1532622144198082.pcd.bin',\n",
       " 'cam_front_path': '/mnt/hdd0/nuScenes/samples/CAM_FRONT/n008-2018-07-26-12-13-50-0400__CAM_FRONT__1532622144162404.jpg',\n",
       " 'cam_intrinsic': array([[1.25281310e+03, 0.00000000e+00, 8.26588115e+02],\n",
       "        [0.00000000e+00, 1.25281310e+03, 4.69984663e+02],\n",
       "        [0.00000000e+00, 0.00000000e+00, 1.00000000e+00]]),\n",
       " 'token': '784d3895ca1c4bd1a1cdbe1d684a5299',\n",
       " 'sweeps': [{'lidar_path': '/mnt/hdd0/nuScenes/sweeps/LIDAR_TOP/n008-2018-07-26-12-13-50-0400__LIDAR_TOP__1532622144148262.pcd.bin',\n",
       "   'sample_data_token': 'aa8f4dd93e9742d79964851b2a520a95',\n",
       "   'transform_matrix': array([[ 9.99999967e-01, -1.63876992e-04,  1.98193223e-04,\n",
       "           -6.49580085e-04],\n",
       "          [ 1.63976032e-04,  9.99999862e-01, -4.99800810e-04,\n",
       "           -3.32687138e-01],\n",
       "          [-1.98111290e-04,  4.99833293e-04,  9.99999855e-01,\n",
       "           -1.34973613e-02],\n",
       "          [ 0.00000000e+00,  0.00000000e+00,  0.00000000e+00,\n",
       "            1.00000000e+00]]),\n",
       "   'global_from_car': array([[ 8.59293649e-01,  5.11458877e-01, -4.92361658e-03,\n",
       "            2.08815503e+03],\n",
       "          [-5.11460602e-01,  8.59306149e-01,  9.97413011e-04,\n",
       "            9.46078917e+02],\n",
       "          [ 4.74102974e-03,  1.66116524e-03,  9.99987382e-01,\n",
       "            0.00000000e+00],\n",
       "          [ 0.00000000e+00,  0.00000000e+00,  0.00000000e+00,\n",
       "            1.00000000e+00]]),\n",
       "   'car_from_current': array([[-5.42795004e-04,  9.98930699e-01,  4.62294677e-02,\n",
       "            9.85793000e-01],\n",
       "          [-9.99995492e-01, -4.05693167e-04, -2.97501151e-03,\n",
       "            0.00000000e+00],\n",
       "          [-2.95307535e-03, -4.62308742e-02,  9.98926417e-01,\n",
       "            1.84019000e+00],\n",
       "          [ 0.00000000e+00,  0.00000000e+00,  0.00000000e+00,\n",
       "            1.00000000e+00]]),\n",
       "   'time_lag': 0.0498199462890625,\n",
       "   'all_cams_from_lidar': [array([[ 0.99989857,  0.01126414, -0.0087155 , -0.0079498 ],\n",
       "           [-0.00931788,  0.05458063, -0.99846589, -0.35280285],\n",
       "           [-0.01077116,  0.99844583,  0.05468005, -0.82734411],\n",
       "           [ 0.        ,  0.        ,  0.        ,  1.        ]]),\n",
       "    array([[ 5.36646894e-01, -8.42136692e-01, -5.30650925e-02,\n",
       "             3.54463124e-01],\n",
       "           [-6.06957717e-04,  6.25024523e-02, -9.98044626e-01,\n",
       "            -3.33906233e-01],\n",
       "           [ 8.43806698e-01,  5.35629757e-01,  3.30306055e-02,\n",
       "            -8.18043793e-01],\n",
       "           [ 0.00000000e+00,  0.00000000e+00,  0.00000000e+00,\n",
       "             1.00000000e+00]]),\n",
       "    array([[-0.38207736, -0.92299657, -0.04576264,  0.11875295],\n",
       "           [ 0.01430087,  0.04360838, -0.99894634, -0.29453385],\n",
       "           [ 0.92401968, -0.38232923, -0.00346212, -0.45046426],\n",
       "           [ 0.        ,  0.        ,  0.        ,  1.        ]]),\n",
       "    array([[-9.99930158e-01,  8.02897717e-03,  8.67267439e-03,\n",
       "             2.90429942e-04],\n",
       "           [-8.35018336e-03,  3.93636549e-02, -9.99190061e-01,\n",
       "            -2.78904528e-01],\n",
       "           [-8.36386235e-03, -9.99192693e-01, -3.92938623e-02,\n",
       "            -1.00157698e+00],\n",
       "           [ 0.00000000e+00,  0.00000000e+00,  0.00000000e+00,\n",
       "             1.00000000e+00]]),\n",
       "    array([[-0.31922222,  0.94681852,  0.04039622, -0.20818774],\n",
       "           [-0.01583515,  0.03729133, -0.99917897, -0.28658666],\n",
       "           [-0.94754758, -0.31959981,  0.00308879, -0.43450544],\n",
       "           [ 0.        ,  0.        ,  0.        ,  1.        ]]),\n",
       "    array([[ 0.56818634,  0.82212345,  0.03573967, -0.23685312],\n",
       "           [-0.01345746,  0.05270874, -0.99851925, -0.34568937],\n",
       "           [-0.82278988,  0.56686403,  0.04101208, -0.76579236],\n",
       "           [ 0.        ,  0.        ,  0.        ,  1.        ]])],\n",
       "   'all_cams_intrinsic': [array([[1.25281310e+03, 0.00000000e+00, 8.26588115e+02],\n",
       "           [0.00000000e+00, 1.25281310e+03, 4.69984663e+02],\n",
       "           [0.00000000e+00, 0.00000000e+00, 1.00000000e+00]]),\n",
       "    array([[1.25674851e+03, 0.00000000e+00, 8.17788757e+02],\n",
       "           [0.00000000e+00, 1.25674851e+03, 4.51954178e+02],\n",
       "           [0.00000000e+00, 0.00000000e+00, 1.00000000e+00]]),\n",
       "    array([[1.24996293e+03, 0.00000000e+00, 8.25376805e+02],\n",
       "           [0.00000000e+00, 1.24996293e+03, 4.62548164e+02],\n",
       "           [0.00000000e+00, 0.00000000e+00, 1.00000000e+00]]),\n",
       "    array([[796.89106345,   0.        , 857.77743269],\n",
       "           [  0.        , 796.89106345, 476.88489884],\n",
       "           [  0.        ,   0.        ,   1.        ]]),\n",
       "    array([[1.25498606e+03, 0.00000000e+00, 8.29576933e+02],\n",
       "           [0.00000000e+00, 1.25498606e+03, 4.67168056e+02],\n",
       "           [0.00000000e+00, 0.00000000e+00, 1.00000000e+00]]),\n",
       "    array([[1.25786253e+03, 0.00000000e+00, 8.27241063e+02],\n",
       "           [0.00000000e+00, 1.25786253e+03, 4.50915498e+02],\n",
       "           [0.00000000e+00, 0.00000000e+00, 1.00000000e+00]])],\n",
       "   'all_cams_path': ['/mnt/hdd0/nuScenes/samples/CAM_FRONT/n008-2018-07-26-12-13-50-0400__CAM_FRONT__1532622144162404.jpg',\n",
       "    '/mnt/hdd0/nuScenes/samples/CAM_FRONT_RIGHT/n008-2018-07-26-12-13-50-0400__CAM_FRONT_RIGHT__1532622144170482.jpg',\n",
       "    '/mnt/hdd0/nuScenes/sweeps/CAM_BACK_RIGHT/n008-2018-07-26-12-13-50-0400__CAM_BACK_RIGHT__1532622144128120.jpg',\n",
       "    '/mnt/hdd0/nuScenes/sweeps/CAM_BACK/n008-2018-07-26-12-13-50-0400__CAM_BACK__1532622144137558.jpg',\n",
       "    '/mnt/hdd0/nuScenes/sweeps/CAM_BACK_LEFT/n008-2018-07-26-12-13-50-0400__CAM_BACK_LEFT__1532622144147405.jpg',\n",
       "    '/mnt/hdd0/nuScenes/samples/CAM_FRONT_LEFT/n008-2018-07-26-12-13-50-0400__CAM_FRONT_LEFT__1532622144154799.jpg']},\n",
       "  {'lidar_path': '/mnt/hdd0/nuScenes/sweeps/LIDAR_TOP/n008-2018-07-26-12-13-50-0400__LIDAR_TOP__1532622144097971.pcd.bin',\n",
       "   'sample_data_token': '1f623e1c20504a009282169912c83a55',\n",
       "   'transform_matrix': array([[ 9.99998582e-01, -1.56120185e-03,  6.31386218e-04,\n",
       "           -5.93220782e-03],\n",
       "          [ 1.56156655e-03,  9.99998614e-01, -5.77546982e-04,\n",
       "           -6.75735647e-01],\n",
       "          [-6.30483675e-04,  5.78532114e-04,  9.99999634e-01,\n",
       "           -2.78584455e-02],\n",
       "          [ 0.00000000e+00,  0.00000000e+00,  0.00000000e+00,\n",
       "            1.00000000e+00]]),\n",
       "   'global_from_car': array([[ 8.59995979e-01,  5.10273818e-01, -5.24850911e-03,\n",
       "            2.08786272e+03],\n",
       "          [-5.10277988e-01,  8.60009303e-01,  6.12096837e-04,\n",
       "            9.46258808e+02],\n",
       "          [ 4.82610365e-03,  2.15179785e-03,  9.99986039e-01,\n",
       "            0.00000000e+00],\n",
       "          [ 0.00000000e+00,  0.00000000e+00,  0.00000000e+00,\n",
       "            1.00000000e+00]]),\n",
       "   'car_from_current': array([[-5.42795004e-04,  9.98930699e-01,  4.62294677e-02,\n",
       "            9.85793000e-01],\n",
       "          [-9.99995492e-01, -4.05693167e-04, -2.97501151e-03,\n",
       "            0.00000000e+00],\n",
       "          [-2.95307535e-03, -4.62308742e-02,  9.98926417e-01,\n",
       "            1.84019000e+00],\n",
       "          [ 0.00000000e+00,  0.00000000e+00,  0.00000000e+00,\n",
       "            1.00000000e+00]]),\n",
       "   'time_lag': 0.10011100769042969,\n",
       "   'all_cams_from_lidar': [array([[ 0.99990603,  0.01067504, -0.00860133, -0.0100105 ],\n",
       "           [-0.00917142,  0.05455646, -0.99846857, -0.35287034],\n",
       "           [-0.01018944,  0.99845362,  0.05464924, -0.83187882],\n",
       "           [ 0.        ,  0.        ,  0.        ,  1.        ]]),\n",
       "    array([[ 5.36037899e-01, -8.42529879e-01, -5.29790035e-02,\n",
       "             3.58007883e-01],\n",
       "           [-3.65801016e-04,  6.25250914e-02, -9.98043325e-01,\n",
       "            -3.34011275e-01],\n",
       "           [ 8.44193839e-01,  5.35008427e-01,  3.32076203e-02,\n",
       "            -8.23273785e-01],\n",
       "           [ 0.00000000e+00,  0.00000000e+00,  0.00000000e+00,\n",
       "             1.00000000e+00]]),\n",
       "    array([[-0.38334691, -0.92246536, -0.04585632,  0.43807951],\n",
       "           [ 0.01479441,  0.04351001, -0.99894344, -0.2953945 ],\n",
       "           [ 0.92348594, -0.3836203 , -0.0030321 , -0.32418586],\n",
       "           [ 0.        ,  0.        ,  0.        ,  1.        ]]),\n",
       "    array([[-0.99992162,  0.00942689,  0.0082389 ,  0.00274864],\n",
       "           [-0.00786245,  0.03929693, -0.99919664, -0.27818468],\n",
       "           [-0.00974308, -0.99918311, -0.03921973, -0.65819692],\n",
       "           [ 0.        ,  0.        ,  0.        ,  1.        ]]),\n",
       "    array([[-0.31791632,  0.94726683,  0.04018426, -0.53186822],\n",
       "           [-0.0153503 ,  0.03723507, -0.99918863, -0.28511611],\n",
       "           [-0.94799451, -0.31827521,  0.0027032 , -0.31985289],\n",
       "           [ 0.        ,  0.        ,  0.        ,  1.        ]]),\n",
       "    array([[ 0.56854373,  0.82187797,  0.03570208, -0.24060158],\n",
       "           [-0.01339174,  0.0526394 , -0.99852379, -0.34577699],\n",
       "           [-0.82254404,  0.56722632,  0.04093418, -0.76655296],\n",
       "           [ 0.        ,  0.        ,  0.        ,  1.        ]])],\n",
       "   'all_cams_intrinsic': [array([[1.25281310e+03, 0.00000000e+00, 8.26588115e+02],\n",
       "           [0.00000000e+00, 1.25281310e+03, 4.69984663e+02],\n",
       "           [0.00000000e+00, 0.00000000e+00, 1.00000000e+00]]),\n",
       "    array([[1.25674851e+03, 0.00000000e+00, 8.17788757e+02],\n",
       "           [0.00000000e+00, 1.25674851e+03, 4.51954178e+02],\n",
       "           [0.00000000e+00, 0.00000000e+00, 1.00000000e+00]]),\n",
       "    array([[1.24996293e+03, 0.00000000e+00, 8.25376805e+02],\n",
       "           [0.00000000e+00, 1.24996293e+03, 4.62548164e+02],\n",
       "           [0.00000000e+00, 0.00000000e+00, 1.00000000e+00]]),\n",
       "    array([[796.89106345,   0.        , 857.77743269],\n",
       "           [  0.        , 796.89106345, 476.88489884],\n",
       "           [  0.        ,   0.        ,   1.        ]]),\n",
       "    array([[1.25498606e+03, 0.00000000e+00, 8.29576933e+02],\n",
       "           [0.00000000e+00, 1.25498606e+03, 4.67168056e+02],\n",
       "           [0.00000000e+00, 0.00000000e+00, 1.00000000e+00]]),\n",
       "    array([[1.25786253e+03, 0.00000000e+00, 8.27241063e+02],\n",
       "           [0.00000000e+00, 1.25786253e+03, 4.50915498e+02],\n",
       "           [0.00000000e+00, 0.00000000e+00, 1.00000000e+00]])],\n",
       "   'all_cams_path': ['/mnt/hdd0/nuScenes/sweeps/CAM_FRONT/n008-2018-07-26-12-13-50-0400__CAM_FRONT__1532622144112404.jpg',\n",
       "    '/mnt/hdd0/nuScenes/sweeps/CAM_FRONT_RIGHT/n008-2018-07-26-12-13-50-0400__CAM_FRONT_RIGHT__1532622144120482.jpg',\n",
       "    '/mnt/hdd0/nuScenes/sweeps/CAM_BACK_RIGHT/n008-2018-07-26-12-13-50-0400__CAM_BACK_RIGHT__1532622144128120.jpg',\n",
       "    '/mnt/hdd0/nuScenes/sweeps/CAM_BACK/n008-2018-07-26-12-13-50-0400__CAM_BACK__1532622144137558.jpg',\n",
       "    '/mnt/hdd0/nuScenes/sweeps/CAM_BACK_LEFT/n008-2018-07-26-12-13-50-0400__CAM_BACK_LEFT__1532622144147405.jpg',\n",
       "    '/mnt/hdd0/nuScenes/sweeps/CAM_FRONT_LEFT/n008-2018-07-26-12-13-50-0400__CAM_FRONT_LEFT__1532622144104799.jpg']},\n",
       "  {'lidar_path': '/mnt/hdd0/nuScenes/sweeps/LIDAR_TOP/n008-2018-07-26-12-13-50-0400__LIDAR_TOP__1532622144049326.pcd.bin',\n",
       "   'sample_data_token': '66978906e5ae4da58e61075f868e7ea1',\n",
       "   'transform_matrix': array([[ 9.99997041e-01, -2.11725457e-03,  1.19819188e-03,\n",
       "           -8.63402231e-03],\n",
       "          [ 2.11740557e-03,  9.99997751e-01, -1.24768076e-04,\n",
       "           -1.01175646e+00],\n",
       "          [-1.19792501e-03,  1.27304765e-04,  9.99999274e-01,\n",
       "           -4.24356373e-02],\n",
       "          [ 0.00000000e+00,  0.00000000e+00,  0.00000000e+00,\n",
       "            1.00000000e+00]]),\n",
       "   'global_from_car': array([[ 8.60268714e-01,  5.09814744e-01, -5.16401575e-03,\n",
       "            2.08757478e+03],\n",
       "          [-5.09822103e-01,  8.60279842e-01, -1.27383137e-04,\n",
       "            9.46434263e+02],\n",
       "          [ 4.37755686e-03,  2.74231310e-03,  9.99986658e-01,\n",
       "            0.00000000e+00],\n",
       "          [ 0.00000000e+00,  0.00000000e+00,  0.00000000e+00,\n",
       "            1.00000000e+00]]),\n",
       "   'car_from_current': array([[-5.42795004e-04,  9.98930699e-01,  4.62294677e-02,\n",
       "            9.85793000e-01],\n",
       "          [-9.99995492e-01, -4.05693167e-04, -2.97501151e-03,\n",
       "            0.00000000e+00],\n",
       "          [-2.95307535e-03, -4.62308742e-02,  9.98926417e-01,\n",
       "            1.84019000e+00],\n",
       "          [ 0.00000000e+00,  0.00000000e+00,  0.00000000e+00,\n",
       "            1.00000000e+00]]),\n",
       "   'time_lag': 0.1487560272216797,\n",
       "   'all_cams_from_lidar': [array([[ 0.99989788,  0.01118404, -0.00889688, -0.00265333],\n",
       "           [-0.00949277,  0.05440824, -0.99847365, -0.34865125],\n",
       "           [-0.0106829 ,  0.99845614,  0.05450886, -0.48549469],\n",
       "           [ 0.        ,  0.        ,  0.        ,  1.        ]]),\n",
       "    array([[ 5.36632096e-01, -8.42141412e-01, -5.31397708e-02,\n",
       "             6.70185223e-02],\n",
       "           [-7.73889825e-04,  6.24843073e-02, -9.98045646e-01,\n",
       "            -3.26821671e-01],\n",
       "           [ 8.43815972e-01,  5.35624452e-01,  3.28793602e-02,\n",
       "            -6.33520360e-01],\n",
       "           [ 0.00000000e+00,  0.00000000e+00,  0.00000000e+00,\n",
       "             1.00000000e+00]]),\n",
       "    array([[-0.3825189 , -0.92281656, -0.0457043 ,  0.11458046],\n",
       "           [ 0.01433186,  0.04353418, -0.99894913, -0.29466592],\n",
       "           [ 0.92383651, -0.38277195, -0.00342697, -0.45350936],\n",
       "           [ 0.        ,  0.        ,  0.        ,  1.        ]]),\n",
       "    array([[-0.99992791,  0.00828176,  0.00869393,  0.00101162],\n",
       "           [-0.00836123,  0.03939382, -0.99918878, -0.27890991],\n",
       "           [-0.00861753, -0.99918944, -0.03932174, -1.00767737],\n",
       "           [ 0.        ,  0.        ,  0.        ,  1.        ]]),\n",
       "    array([[-0.3190919 ,  0.9468622 ,  0.04040211, -0.20271739],\n",
       "           [-0.01584005,  0.03729634, -0.9991787 , -0.28660189],\n",
       "           [-0.9475914 , -0.3194698 ,  0.00309738, -0.43580853],\n",
       "           [ 0.        ,  0.        ,  0.        ,  1.        ]]),\n",
       "    array([[ 0.56830109,  0.82205994,  0.03537407,  0.04559172],\n",
       "           [-0.01363619,  0.05239479, -0.99853334, -0.34239677],\n",
       "           [-0.82270768,  0.56698522,  0.04098578, -0.57291301],\n",
       "           [ 0.        ,  0.        ,  0.        ,  1.        ]])],\n",
       "   'all_cams_intrinsic': [array([[1.25281310e+03, 0.00000000e+00, 8.26588115e+02],\n",
       "           [0.00000000e+00, 1.25281310e+03, 4.69984663e+02],\n",
       "           [0.00000000e+00, 0.00000000e+00, 1.00000000e+00]]),\n",
       "    array([[1.25674851e+03, 0.00000000e+00, 8.17788757e+02],\n",
       "           [0.00000000e+00, 1.25674851e+03, 4.51954178e+02],\n",
       "           [0.00000000e+00, 0.00000000e+00, 1.00000000e+00]]),\n",
       "    array([[1.24996293e+03, 0.00000000e+00, 8.25376805e+02],\n",
       "           [0.00000000e+00, 1.24996293e+03, 4.62548164e+02],\n",
       "           [0.00000000e+00, 0.00000000e+00, 1.00000000e+00]]),\n",
       "    array([[796.89106345,   0.        , 857.77743269],\n",
       "           [  0.        , 796.89106345, 476.88489884],\n",
       "           [  0.        ,   0.        ,   1.        ]]),\n",
       "    array([[1.25498606e+03, 0.00000000e+00, 8.29576933e+02],\n",
       "           [0.00000000e+00, 1.25498606e+03, 4.67168056e+02],\n",
       "           [0.00000000e+00, 0.00000000e+00, 1.00000000e+00]]),\n",
       "    array([[1.25786253e+03, 0.00000000e+00, 8.27241063e+02],\n",
       "           [0.00000000e+00, 1.25786253e+03, 4.50915498e+02],\n",
       "           [0.00000000e+00, 0.00000000e+00, 1.00000000e+00]])],\n",
       "   'all_cams_path': ['/mnt/hdd0/nuScenes/sweeps/CAM_FRONT/n008-2018-07-26-12-13-50-0400__CAM_FRONT__1532622144012404.jpg',\n",
       "    '/mnt/hdd0/nuScenes/sweeps/CAM_FRONT_RIGHT/n008-2018-07-26-12-13-50-0400__CAM_FRONT_RIGHT__1532622144020482.jpg',\n",
       "    '/mnt/hdd0/nuScenes/sweeps/CAM_BACK_RIGHT/n008-2018-07-26-12-13-50-0400__CAM_BACK_RIGHT__1532622144028113.jpg',\n",
       "    '/mnt/hdd0/nuScenes/sweeps/CAM_BACK/n008-2018-07-26-12-13-50-0400__CAM_BACK__1532622144037558.jpg',\n",
       "    '/mnt/hdd0/nuScenes/sweeps/CAM_BACK_LEFT/n008-2018-07-26-12-13-50-0400__CAM_BACK_LEFT__1532622144047405.jpg',\n",
       "    '/mnt/hdd0/nuScenes/sweeps/CAM_FRONT_LEFT/n008-2018-07-26-12-13-50-0400__CAM_FRONT_LEFT__1532622144004799.jpg']},\n",
       "  {'lidar_path': '/mnt/hdd0/nuScenes/sweeps/LIDAR_TOP/n008-2018-07-26-12-13-50-0400__LIDAR_TOP__1532622143998548.pcd.bin',\n",
       "   'sample_data_token': '6e875bf2e2144fbaa7bd9e88cb730425',\n",
       "   'transform_matrix': array([[ 9.99997305e-01, -1.86459045e-03,  1.38306150e-03,\n",
       "           -9.89644487e-03],\n",
       "          [ 1.86429435e-03,  9.99998239e-01,  2.15347270e-04,\n",
       "           -1.35184888e+00],\n",
       "          [-1.38346060e-03, -2.12768256e-04,  9.99999020e-01,\n",
       "           -5.70710611e-02],\n",
       "          [ 0.00000000e+00,  0.00000000e+00,  0.00000000e+00,\n",
       "            1.00000000e+00]]),\n",
       "   'global_from_car': array([[ 8.60137649e-01,  5.10037866e-01, -4.95982435e-03,\n",
       "            2.08728279e+03],\n",
       "          [-5.10046010e-01,  8.60147002e-01, -4.50508717e-04,\n",
       "            9.46610468e+02],\n",
       "          [ 4.03640154e-03,  2.91723813e-03,  9.99987599e-01,\n",
       "            0.00000000e+00],\n",
       "          [ 0.00000000e+00,  0.00000000e+00,  0.00000000e+00,\n",
       "            1.00000000e+00]]),\n",
       "   'car_from_current': array([[-5.42795004e-04,  9.98930699e-01,  4.62294677e-02,\n",
       "            9.85793000e-01],\n",
       "          [-9.99995492e-01, -4.05693167e-04, -2.97501151e-03,\n",
       "            0.00000000e+00],\n",
       "          [-2.95307535e-03, -4.62308742e-02,  9.98926417e-01,\n",
       "            1.84019000e+00],\n",
       "          [ 0.00000000e+00,  0.00000000e+00,  0.00000000e+00,\n",
       "            1.00000000e+00]]),\n",
       "   'time_lag': 0.19953393936157227,\n",
       "   'all_cams_from_lidar': [array([[ 0.99989665,  0.01144011, -0.00870751, -0.00829188],\n",
       "           [-0.00932132,  0.05474509, -0.99845685, -0.35256412],\n",
       "           [-0.01094576,  0.99843482,  0.05484607, -0.82583502],\n",
       "           [ 0.        ,  0.        ,  0.        ,  1.        ]]),\n",
       "    array([[ 5.36855103e-01, -8.41987475e-01, -5.33262685e-02,\n",
       "             3.53144167e-01],\n",
       "           [-6.04565722e-04,  6.28232119e-02, -9.98024488e-01,\n",
       "            -3.33504521e-01],\n",
       "           [ 8.43674246e-01,  5.35826778e-01,  3.32179251e-02,\n",
       "            -8.17819285e-01],\n",
