{
 "cells": [
  {
   "cell_type": "markdown",
   "metadata": {},
   "source": [
    "## 분석목적: nusc 데이터 전처리 코드 분석"
   ]
  },
  {
   "cell_type": "code",
   "execution_count": 1,
   "metadata": {},
   "outputs": [
    {
     "name": "stdout",
     "output_type": "stream",
     "text": [
      "no apex\n",
      "No Tensorflow\n",
      "Deformable Convolution not built!\n",
      "No APEX!\n"
     ]
    }
   ],
   "source": [
    "import argparse\n",
    "import json\n",
    "import os\n",
    "import sys\n",
    "\n",
    "from numba.core.errors import NumbaDeprecationWarning, NumbaPendingDeprecationWarning, NumbaWarning\n",
    "import warnings\n",
    "warnings.simplefilter('ignore', category=NumbaDeprecationWarning)\n",
    "warnings.simplefilter('ignore', category=NumbaWarning)\n",
    "\n",
    "import numpy as np\n",
    "import torch\n",
    "import yaml\n",
    "from det3d.datasets import build_dataset\n",
    "from det3d.models import build_detector\n",
    "from det3d.torchie import Config\n",
    "from det3d.torchie.apis import (\n",
    "    build_optimizer,\n",
    "    get_root_logger,\n",
    "    init_dist,\n",
    "    set_random_seed,\n",
    "    train_detector,\n",
    ")\n",
    "import torch.distributed as dist\n",
    "import subprocess\n",
    "\n",
    "# 주피터 노트북 경로설정\n",
    "os.chdir('../')\n",
    "\n",
    "\n",
    "def parse_args():\n",
    "    parser = argparse.ArgumentParser(description=\"Train a detector\")\n",
    "    parser.add_argument(\"--config\", default=\"configs/nusc/pp/nusc_centerpoint_pp_02voxel_two_pfn_10sweep.py\", help=\"train config file path\")\n",
    "    parser.add_argument(\"--work_dir\", help=\"the dir to save logs and models\")\n",
    "    parser.add_argument(\"--resume_from\", help=\"the checkpoint file to resume from\")\n",
    "    parser.add_argument(\n",
    "        \"--validate\",\n",
    "        action=\"store_true\",\n",
    "        help=\"whether to evaluate the checkpoint during training\",\n",
    "    )\n",
    "    parser.add_argument(\n",
    "        \"--gpus\",\n",
    "        type=int,\n",
    "        default=1,\n",
    "        help=\"number of gpus to use \" \"(only applicable to non-distributed training)\",\n",
    "    )\n",
    "    parser.add_argument(\"--seed\", type=int, default=None, help=\"random seed\")\n",
    "    parser.add_argument(\n",
    "        \"--launcher\",\n",
    "        choices=[\"pytorch\", \"slurm\"],\n",
    "        default=\"pytorch\",\n",
    "        help=\"job launcher\",\n",
    "    )\n",
    "    parser.add_argument(\"--local_rank\", type=int, default=0)\n",
    "    parser.add_argument(\n",
    "        \"--autoscale-lr\",\n",
    "        action=\"store_true\",\n",
    "        help=\"automatically scale lr with the number of gpus\",\n",
    "    )\n",
    "    args = parser.parse_args(args=[])\n",
    "    if \"LOCAL_RANK\" not in os.environ:\n",
    "        os.environ[\"LOCAL_RANK\"] = str(args.local_rank)\n",
    "\n",
    "    return args\n",
    "args = parse_args()"
   ]
  },
  {
   "cell_type": "code",
   "execution_count": 2,
   "metadata": {},
   "outputs": [
    {
     "name": "stderr",
     "output_type": "stream",
     "text": [
      "2024-04-03 15:30:13,683 - INFO - Distributed training: False\n",
      "2024-04-03 15:30:13,683 - INFO - torch.backends.cudnn.benchmark: False\n"
     ]
    }
   ],
   "source": [
    "cfg = Config.fromfile(args.config)\n",
    "cfg.local_rank = args.local_rank\n",
    "distributed = False\n",
    "logger = get_root_logger(cfg.log_level)\n",
    "logger.info(\"Distributed training: {}\".format(distributed))\n",
    "logger.info(f\"torch.backends.cudnn.benchmark: {torch.backends.cudnn.benchmark}\")"
   ]
  },
  {
   "cell_type": "code",
   "execution_count": 3,
   "metadata": {},
   "outputs": [
    {
     "data": {
      "text/plain": [
       "{'type': 'NuScenesDataset',\n",
       " 'root_path': 'data/nuScenes',\n",
       " 'info_path': 'data/nuScenes/infos_train_10sweeps_withvelo_filter_True.pkl',\n",
       " 'ann_file': 'data/nuScenes/infos_train_10sweeps_withvelo_filter_True.pkl',\n",
       " 'nsweeps': 10,\n",
       " 'class_names': ['car',\n",
       "  'truck',\n",
       "  'construction_vehicle',\n",
       "  'bus',\n",
       "  'trailer',\n",
       "  'barrier',\n",
       "  'motorcycle',\n",
       "  'bicycle',\n",
       "  'pedestrian',\n",
       "  'traffic_cone'],\n",
       " 'pipeline': [{'type': 'LoadPointCloudFromFile', 'dataset': 'NuScenesDataset'},\n",
       "  {'type': 'LoadPointCloudAnnotations', 'with_bbox': True},\n",
       "  {'type': 'Preprocess',\n",
       "   'cfg': {'mode': 'train',\n",
       "    'shuffle_points': True,\n",
       "    'global_rot_noise': [-0.3925, 0.3925],\n",
       "    'global_scale_noise': [0.95, 1.05],\n",
       "    'db_sampler': {'type': 'GT-AUG',\n",
       "     'enable': False,\n",
       "     'db_info_path': 'data/nuScenes/dbinfos_train_10sweeps_withvelo.pkl',\n",
       "     'sample_groups': [{'car': 2},\n",
       "      {'truck': 3},\n",
       "      {'construction_vehicle': 7},\n",
       "      {'bus': 4},\n",
       "      {'trailer': 6},\n",
       "      {'barrier': 2},\n",
       "      {'motorcycle': 6},\n",
       "      {'bicycle': 6},\n",
       "      {'pedestrian': 2},\n",
       "      {'traffic_cone': 2}],\n",
       "     'db_prep_steps': [{'filter_by_min_num_points': {'car': 5,\n",
       "        'truck': 5,\n",
       "        'bus': 5,\n",
       "        'trailer': 5,\n",
       "        'construction_vehicle': 5,\n",
       "        'traffic_cone': 5,\n",
       "        'barrier': 5,\n",
       "        'motorcycle': 5,\n",
       "        'bicycle': 5,\n",
       "        'pedestrian': 5}},\n",
       "      {'filter_by_difficulty': [-1]}],\n",
       "     'global_random_rotation_range_per_object': [0, 0],\n",
       "     'rate': 1.0},\n",
       "    'class_names': ['car',\n",
       "     'truck',\n",
       "     'construction_vehicle',\n",
       "     'bus',\n",
       "     'trailer',\n",
       "     'barrier',\n",
       "     'motorcycle',\n",
       "     'bicycle',\n",
       "     'pedestrian',\n",
       "     'traffic_cone']}},\n",
       "  {'type': 'Voxelization',\n",
       "   'cfg': {'range': [-51.2, -51.2, -5.0, 51.2, 51.2, 3.0],\n",
       "    'voxel_size': [0.2, 0.2, 8],\n",
       "    'max_points_in_voxel': 20,\n",
       "    'max_voxel_num': [30000, 60000]}},\n",
       "  {'type': 'AssignLabel',\n",
       "   'cfg': {'target_assigner': {'tasks': [{'num_class': 1,\n",
       "       'class_names': ['car']},\n",
       "      {'num_class': 2, 'class_names': ['truck', 'construction_vehicle']},\n",
       "      {'num_class': 2, 'class_names': ['bus', 'trailer']},\n",
       "      {'num_class': 1, 'class_names': ['barrier']},\n",
       "      {'num_class': 2, 'class_names': ['motorcycle', 'bicycle']},\n",
       "      {'num_class': 2, 'class_names': ['pedestrian', 'traffic_cone']}]},\n",
       "    'out_size_factor': 4,\n",
       "    'gaussian_overlap': 0.1,\n",
       "    'max_objs': 500,\n",
       "    'min_radius': 2}},\n",
       "  {'type': 'Reformat'}]}"
      ]
     },
     "execution_count": 3,
     "metadata": {},
     "output_type": "execute_result"
    }
   ],
   "source": [
    "cfg.data.train"
   ]
  },
  {
   "cell_type": "markdown",
   "metadata": {},
   "source": [
    "## build_dataset"
   ]
  },
  {
   "cell_type": "code",
   "execution_count": 4,
   "metadata": {},
   "outputs": [],
   "source": [
    "from det3d.datasets.registry import DATASETS\n",
    "\n",
    "args = cfg.data.train.copy()\n",
    "obj_type = args.pop(\"type\")\n"
   ]
  },
  {
   "cell_type": "code",
   "execution_count": 5,
   "metadata": {},
   "outputs": [
    {
     "name": "stdout",
     "output_type": "stream",
     "text": [
      "root_path\n",
      "info_path\n",
      "ann_file\n",
      "nsweeps\n",
      "class_names\n",
      "pipeline\n"
     ]
    }
   ],
   "source": [
    "for k, v in args.items():\n",
    "    print(f\"{k}\")"
   ]
  },
  {
   "cell_type": "code",
   "execution_count": 6,
   "metadata": {},
   "outputs": [
    {
     "name": "stderr",
     "output_type": "stream",
     "text": [
      "2024-04-03 15:31:08,551 - INFO - {'car': 5, 'truck': 5, 'bus': 5, 'trailer': 5, 'construction_vehicle': 5, 'traffic_cone': 5, 'barrier': 5, 'motorcycle': 5, 'bicycle': 5, 'pedestrian': 5}\n",
      "2024-04-03 15:31:08,551 - INFO - [-1]\n",
      "2024-04-03 15:31:10,389 - INFO - load 62964 traffic_cone database infos\n",
      "2024-04-03 15:31:10,390 - INFO - load 65262 truck database infos\n",
      "2024-04-03 15:31:10,390 - INFO - load 339949 car database infos\n",
      "2024-04-03 15:31:10,390 - INFO - load 161928 pedestrian database infos\n",
      "2024-04-03 15:31:10,391 - INFO - load 26297 ignore database infos\n",
      "2024-04-03 15:31:10,391 - INFO - load 11050 construction_vehicle database infos\n",
      "2024-04-03 15:31:10,391 - INFO - load 107507 barrier database infos\n",
      "2024-04-03 15:31:10,391 - INFO - load 8846 motorcycle database infos\n",
      "2024-04-03 15:31:10,392 - INFO - load 8185 bicycle database infos\n",
      "2024-04-03 15:31:10,392 - INFO - load 12286 bus database infos\n",
      "2024-04-03 15:31:10,392 - INFO - load 19202 trailer database infos\n",
      "2024-04-03 15:31:11,208 - INFO - After filter database:\n",
      "2024-04-03 15:31:11,209 - INFO - load 55823 traffic_cone database infos\n",
      "2024-04-03 15:31:11,210 - INFO - load 60428 truck database infos\n",
      "2024-04-03 15:31:11,210 - INFO - load 294575 car database infos\n",
      "2024-04-03 15:31:11,210 - INFO - load 148872 pedestrian database infos\n",
      "2024-04-03 15:31:11,210 - INFO - load 26297 ignore database infos\n",
      "2024-04-03 15:31:11,211 - INFO - load 10591 construction_vehicle database infos\n",
      "2024-04-03 15:31:11,211 - INFO - load 102093 barrier database infos\n",
      "2024-04-03 15:31:11,211 - INFO - load 8055 motorcycle database infos\n",
      "2024-04-03 15:31:11,211 - INFO - load 7533 bicycle database infos\n",
      "2024-04-03 15:31:11,212 - INFO - load 11622 bus database infos\n",
      "2024-04-03 15:31:11,212 - INFO - load 18104 trailer database infos\n"
     ]
    },
    {
     "name": "stdout",
     "output_type": "stream",
     "text": [
      "10\n"
     ]
    }
   ],
   "source": [
    "obj_cls = DATASETS.get(obj_type)\n",
    "default_args = dict(train_cfg=cfg.train_cfg, test_cfg=cfg.test_cfg)\n",
    "if default_args is not None:\n",
    "    for name, value in default_args.items():\n",
    "        args.setdefault(name, value)\n",
    "datasets = [obj_cls(**args)]"
   ]
  },
  {
   "cell_type": "markdown",
   "metadata": {},
   "source": [
    "## NuScenesDataset"
   ]
  },
  {
   "cell_type": "code",
   "execution_count": 7,
   "metadata": {},
   "outputs": [],
   "source": [
    "# obj_cls = DATASETS.get(obj_type) => det3d.datasets.nuscenes.nuscenes.NuScenesDataset"
   ]
  },
  {
   "cell_type": "code",
   "execution_count": 7,
   "metadata": {},
   "outputs": [
    {
     "name": "stderr",
     "output_type": "stream",
     "text": [
      "2024-04-03 15:31:18,948 - INFO - pipeline: [{'type': 'LoadPointCloudFromFile', 'dataset': 'NuScenesDataset'}, {'type': 'LoadPointCloudAnnotations', 'with_bbox': True}, {'type': 'Preprocess', 'cfg': {'mode': 'train', 'shuffle_points': True, 'global_rot_noise': [-0.3925, 0.3925], 'global_scale_noise': [0.95, 1.05], 'db_sampler': {'type': 'GT-AUG', 'enable': False, 'db_info_path': 'data/nuScenes/dbinfos_train_10sweeps_withvelo.pkl', 'sample_groups': [{'car': 2}, {'truck': 3}, {'construction_vehicle': 7}, {'bus': 4}, {'trailer': 6}, {'barrier': 2}, {'motorcycle': 6}, {'bicycle': 6}, {'pedestrian': 2}, {'traffic_cone': 2}], 'db_prep_steps': [{'filter_by_min_num_points': {'car': 5, 'truck': 5, 'bus': 5, 'trailer': 5, 'construction_vehicle': 5, 'traffic_cone': 5, 'barrier': 5, 'motorcycle': 5, 'bicycle': 5, 'pedestrian': 5}}, {'filter_by_difficulty': [-1]}], 'global_random_rotation_range_per_object': [0, 0], 'rate': 1.0}, 'class_names': ['car', 'truck', 'construction_vehicle', 'bus', 'trailer', 'barrier', 'motorcycle', 'bicycle', 'pedestrian', 'traffic_cone']}}, {'type': 'Voxelization', 'cfg': {'range': [-51.2, -51.2, -5.0, 51.2, 51.2, 3.0], 'voxel_size': [0.2, 0.2, 8], 'max_points_in_voxel': 20, 'max_voxel_num': [30000, 60000]}}, {'type': 'AssignLabel', 'cfg': {'target_assigner': {'tasks': [{'num_class': 1, 'class_names': ['car']}, {'num_class': 2, 'class_names': ['truck', 'construction_vehicle']}, {'num_class': 2, 'class_names': ['bus', 'trailer']}, {'num_class': 1, 'class_names': ['barrier']}, {'num_class': 2, 'class_names': ['motorcycle', 'bicycle']}, {'num_class': 2, 'class_names': ['pedestrian', 'traffic_cone']}]}, 'out_size_factor': 4, 'gaussian_overlap': 0.1, 'max_objs': 500, 'min_radius': 2}}, {'type': 'Reformat'}]\n",
      "2024-04-03 15:31:18,949 - INFO - class_names: ['car', 'truck', 'construction_vehicle', 'bus', 'trailer', 'barrier', 'motorcycle', 'bicycle', 'pedestrian', 'traffic_cone']\n",
      "2024-04-03 15:31:18,949 - INFO - nsweeps: 10\n",
      "2024-04-03 15:31:18,950 - INFO - root_path: data/nuScenes\n",
      "2024-04-03 15:31:18,950 - INFO - _info_path: data/nuScenes/infos_train_10sweeps_withvelo_filter_True.pkl\n",
      "2024-04-03 15:31:18,950 - INFO - _class_names: ['car', 'truck', 'construction_vehicle', 'bus', 'trailer', 'barrier', 'motorcycle', 'bicycle', 'pedestrian', 'traffic_cone']\n"
     ]
    }
   ],
   "source": [
    "# __init__\n",
    "import pickle\n",
    "general_to_detection = {\n",
    "    \"human.pedestrian.adult\": \"pedestrian\",\n",
    "    \"human.pedestrian.child\": \"pedestrian\",\n",
    "    \"human.pedestrian.wheelchair\": \"ignore\",\n",
    "    \"human.pedestrian.stroller\": \"ignore\",\n",
    "    \"human.pedestrian.personal_mobility\": \"ignore\",\n",
    "    \"human.pedestrian.police_officer\": \"pedestrian\",\n",
    "    \"human.pedestrian.construction_worker\": \"pedestrian\",\n",
    "    \"animal\": \"ignore\",\n",
    "    \"vehicle.car\": \"car\",\n",
    "    \"vehicle.motorcycle\": \"motorcycle\",\n",
    "    \"vehicle.bicycle\": \"bicycle\",\n",
    "    \"vehicle.bus.bendy\": \"bus\",\n",
    "    \"vehicle.bus.rigid\": \"bus\",\n",
    "    \"vehicle.truck\": \"truck\",\n",
    "    \"vehicle.construction\": \"construction_vehicle\",\n",
    "    \"vehicle.emergency.ambulance\": \"ignore\",\n",
    "    \"vehicle.emergency.police\": \"ignore\",\n",
    "    \"vehicle.trailer\": \"trailer\",\n",
    "    \"movable_object.barrier\": \"barrier\",\n",
    "    \"movable_object.trafficcone\": \"traffic_cone\",\n",
    "    \"movable_object.pushable_pullable\": \"ignore\",\n",
    "    \"movable_object.debris\": \"ignore\",\n",
    "    \"static_object.bicycle_rack\": \"ignore\",\n",
    "}\n",
    "def load_infos(info_path, class_names, load_interval, test_mode):\n",
    "\n",
    "    with open(info_path, \"rb\") as f:\n",
    "        _nusc_infos_all = pickle.load(f)\n",
    "\n",
    "    _nusc_infos_all = _nusc_infos_all[::load_interval]\n",
    "\n",
    "    if not test_mode:  # if training\n",
    "        frac = int(len(_nusc_infos_all) * 0.25)\n",
    "\n",
    "        _cls_infos = {name: [] for name in class_names}\n",
    "        for info in _nusc_infos_all:\n",
    "            for name in set(info[\"gt_names\"]):\n",
    "                if name in class_names:\n",
    "                    _cls_infos[name].append(info)\n",
    "\n",
    "        duplicated_samples = sum([len(v) for _, v in _cls_infos.items()])\n",
    "        _cls_dist = {k: len(v) / max(duplicated_samples, 1) for k, v in _cls_infos.items()}\n",
    "\n",
    "        _nusc_infos = []\n",
    "\n",
    "        frac = 1.0 / len(class_names)\n",
    "        ratios = [frac / v for v in _cls_dist.values()]\n",
    "\n",
    "        for cls_infos, ratio in zip(list(_cls_infos.values()), ratios):\n",
    "            _nusc_infos += np.random.choice(\n",
    "                cls_infos, int(len(cls_infos) * ratio)\n",
    "            ).tolist()\n",
    "\n",
    "        _cls_infos = {name: [] for name in class_names}\n",
    "        for info in _nusc_infos:\n",
    "            for name in set(info[\"gt_names\"]):\n",
    "                if name in class_names:\n",
    "                    _cls_infos[name].append(info)\n",
    "\n",
    "        _cls_dist = {\n",
    "            k: len(v) / len(_nusc_infos) for k, v in _cls_infos.items()\n",
    "        }\n",
    "    else:\n",
    "        if isinstance(_nusc_infos_all, dict):\n",
    "            _nusc_infos = []\n",
    "            for v in _nusc_infos_all.values():\n",
    "                _nusc_infos.extend(v)\n",
    "        else:\n",
    "            _nusc_infos = _nusc_infos_all\n",
    "    \n",
    "    return _nusc_infos\n",
    "\n",
    "pipeline = args[\"pipeline\"]\n",
    "class_names = args[\"class_names\"]\n",
    "test_mode = False\n",
    "version=\"v1.0-trainval\"\n",
    "load_interval = 1\n",
    "nsweeps = args[\"nsweeps\"]\n",
    "root_path = args[\"root_path\"]\n",
    "assert nsweeps > 0\n",
    "_info_path = args[\"info_path\"]\n",
    "_class_names = args[\"class_names\"]\n",
    "_num_point_features = 5\n",
    "virtual = args.get('virtual', False)\n",
    "eval_version = \"detection_cvpr_2019\"\n",
    "\n",
    "_nusc_infos = load_infos(_info_path, _class_names, load_interval, test_mode)\n",
    "\n",
    "logger.info(f\"pipeline: {pipeline}\")\n",
    "logger.info(f\"class_names: {class_names}\")\n",
    "logger.info(f\"nsweeps: {nsweeps}\")\n",
    "logger.info(f\"root_path: {root_path}\")\n",
    "logger.info(f\"_info_path: {_info_path}\")\n",
    "logger.info(f\"_class_names: {_class_names}\")"
   ]
  },
  {
   "cell_type": "code",
   "execution_count": 8,
   "metadata": {},
   "outputs": [
    {
     "name": "stderr",
     "output_type": "stream",
     "text": [
      "2024-04-03 15:31:18,955 - INFO - len(_nusc_infos): 123580\n",
      "2024-04-03 15:31:18,955 - INFO - key of _nusc_infos: lidar_path\n",
      "2024-04-03 15:31:18,956 - INFO - key of _nusc_infos: cam_front_path\n",
      "2024-04-03 15:31:18,956 - INFO - key of _nusc_infos: cam_intrinsic\n",
      "2024-04-03 15:31:18,956 - INFO - key of _nusc_infos: token\n",
      "2024-04-03 15:31:18,956 - INFO - key of _nusc_infos: sweeps\n",
      "2024-04-03 15:31:18,957 - INFO - key of _nusc_infos: ref_from_car\n",
      "2024-04-03 15:31:18,957 - INFO - key of _nusc_infos: car_from_global\n",
      "2024-04-03 15:31:18,957 - INFO - key of _nusc_infos: timestamp\n",
      "2024-04-03 15:31:18,957 - INFO - key of _nusc_infos: all_cams_from_lidar\n",
      "2024-04-03 15:31:18,957 - INFO - key of _nusc_infos: all_cams_intrinsic\n",
      "2024-04-03 15:31:18,957 - INFO - key of _nusc_infos: all_cams_path\n",
      "2024-04-03 15:31:18,958 - INFO - key of _nusc_infos: gt_boxes\n",
      "2024-04-03 15:31:18,958 - INFO - key of _nusc_infos: gt_boxes_velocity\n",
      "2024-04-03 15:31:18,958 - INFO - key of _nusc_infos: gt_names\n",
      "2024-04-03 15:31:18,958 - INFO - key of _nusc_infos: gt_boxes_token\n"
     ]
    },
    {
     "data": {
      "text/plain": [
       "{'lidar_path': '/mnt/hdd0/nuScenes/samples/LIDAR_TOP/n015-2018-08-03-15-00-36+0800__LIDAR_TOP__1533279699399021.pcd.bin',\n",
       " 'cam_front_path': '/mnt/hdd0/nuScenes/samples/CAM_FRONT/n015-2018-08-03-15-00-36+0800__CAM_FRONT__1533279699362460.jpg',\n",
       " 'cam_intrinsic': array([[1.26641720e+03, 0.00000000e+00, 8.16267020e+02],\n",
       "        [0.00000000e+00, 1.26641720e+03, 4.91507066e+02],\n",
       "        [0.00000000e+00, 0.00000000e+00, 1.00000000e+00]]),\n",
       " 'token': 'c3d61b8b66424ed9b1faa5114a0749e8',\n",
       " 'sweeps': [{'lidar_path': '/mnt/hdd0/nuScenes/sweeps/LIDAR_TOP/n015-2018-08-03-15-00-36+0800__LIDAR_TOP__1533279699349247.pcd.bin',\n",
       "   'sample_data_token': 'fb4556116e844a559d9310d1073e9a1e',\n",
       "   'transform_matrix': array([[ 9.99746766e-01,  2.24956666e-02,  5.89971196e-04,\n",
       "            1.35732038e-02],\n",
       "          [-2.24952384e-02,  9.99746689e-01, -7.22662026e-04,\n",
       "           -1.73858174e-01],\n",
       "          [-6.06078514e-04,  7.09207481e-04,  9.99999565e-01,\n",
       "           -3.80722449e-03],\n",
       "          [ 0.00000000e+00,  0.00000000e+00,  0.00000000e+00,\n",
       "            1.00000000e+00]]),\n",
       "   'global_from_car': array([[ 7.51181982e-01,  6.60049637e-01,  7.75285551e-03,\n",
       "            1.51684560e+02],\n",
       "          [-6.60094515e-01,  7.51145931e-01,  7.41757972e-03,\n",
       "            9.23414914e+02],\n",
       "          [-9.27555074e-04, -1.06895696e-02,  9.99942435e-01,\n",
       "            0.00000000e+00],\n",
       "          [ 0.00000000e+00,  0.00000000e+00,  0.00000000e+00,\n",
       "            1.00000000e+00]]),\n",
       "   'car_from_current': array([[ 0.00203327,  0.99970406,  0.02424172,  0.943713  ],\n",
       "          [-0.99998053,  0.00217566, -0.00584864,  0.        ],\n",
       "          [-0.00589965, -0.02422936,  0.99968902,  1.84023   ],\n",
       "          [ 0.        ,  0.        ,  0.        ,  1.        ]]),\n",
       "   'time_lag': 0.0497739315032959,\n",
       "   'all_cams_from_lidar': [array([[ 0.99992265,  0.01020186,  0.00711471,  0.01435562],\n",
       "           [ 0.00692538,  0.01847531, -0.99980533, -0.32481608],\n",
       "           [-0.01033132,  0.99977727,  0.01840323, -0.80723253],\n",
       "           [ 0.        ,  0.        ,  0.        ,  1.        ]]),\n",
       "    array([[ 0.56006818, -0.82805298, -0.02553221,  0.29536176],\n",
       "           [-0.01026621,  0.02387988, -0.99966212, -0.33658779],\n",
       "           [ 0.8283829 ,  0.56014107,  0.00487339, -0.78856883],\n",
       "           [ 0.        ,  0.        ,  0.        ,  1.        ]]),\n",
       "    array([[-0.34437055, -0.9381678 , -0.03535681,  0.32591054],\n",
       "           [-0.00546508,  0.03966292, -0.99919817, -0.27534761],\n",
       "           [ 0.9388179 , -0.3439012 , -0.0187859 , -0.38502913],\n",
       "           [ 0.        ,  0.        ,  0.        ,  1.        ]]),\n",
       "    array([[-0.9998622 , -0.01297346, -0.01035703, -0.01391961],\n",
       "           [ 0.01026542,  0.0071084 , -0.99992204, -0.27435021],\n",
       "           [ 0.01304607, -0.99989057, -0.00697424, -0.77519217],\n",
       "           [ 0.        ,  0.        ,  0.        ,  1.        ]]),\n",
       "    array([[-0.33796966,  0.94085055,  0.02401572, -0.4083983 ],\n",
       "           [ 0.01976963,  0.03260857, -0.99927266, -0.24483767],\n",
       "           [-0.94094934, -0.33724906, -0.02962097, -0.39297756],\n",
       "           [ 0.        ,  0.        ,  0.        ,  1.        ]]),\n",
       "    array([[ 0.57027217,  0.82118365,  0.02114387, -0.21241408],\n",
       "           [ 0.0027479 ,  0.02383234, -0.99971219, -0.33235172],\n",
       "           [-0.82145122,  0.57016614,  0.01133439, -0.74866143],\n",
       "           [ 0.        ,  0.        ,  0.        ,  1.        ]])],\n",
       "   'all_cams_intrinsic': [array([[1.26641720e+03, 0.00000000e+00, 8.16267020e+02],\n",
       "           [0.00000000e+00, 1.26641720e+03, 4.91507066e+02],\n",
       "           [0.00000000e+00, 0.00000000e+00, 1.00000000e+00]]),\n",
       "    array([[1.26084744e+03, 0.00000000e+00, 8.07968245e+02],\n",
       "           [0.00000000e+00, 1.26084744e+03, 4.95334427e+02],\n",
       "           [0.00000000e+00, 0.00000000e+00, 1.00000000e+00]]),\n",
       "    array([[1.25951374e+03, 0.00000000e+00, 8.07252905e+02],\n",
       "           [0.00000000e+00, 1.25951374e+03, 5.01195799e+02],\n",
       "           [0.00000000e+00, 0.00000000e+00, 1.00000000e+00]]),\n",
       "    array([[809.22099057,   0.        , 829.21960033],\n",
       "           [  0.        , 809.22099057, 481.77842385],\n",
       "           [  0.        ,   0.        ,   1.        ]]),\n",
       "    array([[1.25674148e+03, 0.00000000e+00, 7.92112574e+02],\n",
       "           [0.00000000e+00, 1.25674148e+03, 4.92775747e+02],\n",
       "           [0.00000000e+00, 0.00000000e+00, 1.00000000e+00]]),\n",
       "    array([[1.27259795e+03, 0.00000000e+00, 8.26615493e+02],\n",
       "           [0.00000000e+00, 1.27259795e+03, 4.79751654e+02],\n",
       "           [0.00000000e+00, 0.00000000e+00, 1.00000000e+00]])],\n",
       "   'all_cams_path': ['/mnt/hdd0/nuScenes/samples/CAM_FRONT/n015-2018-08-03-15-00-36+0800__CAM_FRONT__1533279699362460.jpg',\n",
       "    '/mnt/hdd0/nuScenes/samples/CAM_FRONT_RIGHT/n015-2018-08-03-15-00-36+0800__CAM_FRONT_RIGHT__1533279699370339.jpg',\n",
       "    '/mnt/hdd0/nuScenes/samples/CAM_BACK_RIGHT/n015-2018-08-03-15-00-36+0800__CAM_BACK_RIGHT__1533279699377893.jpg',\n",
       "    '/mnt/hdd0/nuScenes/samples/CAM_BACK/n015-2018-08-03-15-00-36+0800__CAM_BACK__1533279699387525.jpg',\n",
       "    '/mnt/hdd0/nuScenes/samples/CAM_BACK_LEFT/n015-2018-08-03-15-00-36+0800__CAM_BACK_LEFT__1533279699397423.jpg',\n",
       "    '/mnt/hdd0/nuScenes/samples/CAM_FRONT_LEFT/n015-2018-08-03-15-00-36+0800__CAM_FRONT_LEFT__1533279699354844.jpg']},\n",
       "  {'lidar_path': '/mnt/hdd0/nuScenes/sweeps/LIDAR_TOP/n015-2018-08-03-15-00-36+0800__LIDAR_TOP__1533279699298911.pcd.bin',\n",
       "   'sample_data_token': 'a1a37a58790442f29db0825a5a9c1297',\n",
       "   'transform_matrix': array([[ 9.99055968e-01,  4.33897078e-02,  2.12269060e-03,\n",
       "            3.10157161e-02],\n",
       "          [-4.33876571e-02,  9.99057809e-01, -1.00281360e-03,\n",
       "           -3.56231280e-01],\n",
       "          [-2.16420241e-03,  9.09768344e-04,  9.99997244e-01,\n",
       "           -8.31609167e-03],\n",
       "          [ 0.00000000e+00,  0.00000000e+00,  0.00000000e+00,\n",
       "            1.00000000e+00]]),\n",
       "   'global_from_car': array([[ 7.37199125e-01,  6.75639448e-01,  6.98471737e-03,\n",
       "            1.51548031e+02],\n",
       "          [-6.75675275e-01,  7.37168774e-01,  6.71720142e-03,\n",
       "            9.23534547e+02],\n",
       "          [-6.10509278e-04, -9.67131584e-03,  9.99953045e-01,\n",
       "            0.00000000e+00],\n",
       "          [ 0.00000000e+00,  0.00000000e+00,  0.00000000e+00,\n",
       "            1.00000000e+00]]),\n",
       "   'car_from_current': array([[ 0.00203327,  0.99970406,  0.02424172,  0.943713  ],\n",
       "          [-0.99998053,  0.00217566, -0.00584864,  0.        ],\n",
       "          [-0.00589965, -0.02422936,  0.99968902,  1.84023   ],\n",
       "          [ 0.        ,  0.        ,  0.        ,  1.        ]]),\n",
       "   'time_lag': 0.10011005401611328,\n",
       "   'all_cams_from_lidar': [array([[ 0.99991815, -0.01137514,  0.0058564 , -0.00277838],\n",
       "           [ 0.00606623,  0.01850017, -0.99981045, -0.32583283],\n",
       "           [ 0.01126464,  0.99976415,  0.01856766, -0.6371264 ],\n",
       "           [ 0.        ,  0.        ,  0.        ,  1.        ]]),\n",
       "    array([[ 0.54188949, -0.84003387, -0.02643641,  0.14354139],\n",
       "           [-0.01098743,  0.02437162, -0.99964259, -0.33627718],\n",
       "           [ 0.84037792,  0.54198628,  0.00397691, -0.70865865],\n",
       "           [ 0.        ,  0.        ,  0.        ,  1.        ]]),\n",
       "    array([[-0.36491159, -0.93037155, -0.03533139,  0.17150512],\n",
       "           [-0.00569903,  0.04017957, -0.99917622, -0.27230794],\n",
       "           [ 0.93102473, -0.36440963, -0.0199642 , -0.46141135],\n",
       "           [ 0.        ,  0.        ,  0.        ,  1.        ]]),\n",
       "    array([[-0.99991367,  0.00914279, -0.0094374 ,  0.00207012],\n",
       "           [ 0.0095056 ,  0.00744502, -0.9999271 , -0.2770571 ],\n",
       "           [-0.00907186, -0.99993049, -0.00753129, -0.94708231],\n",
       "           [ 0.        ,  0.        ,  0.        ,  1.        ]]),\n",
       "    array([[-0.31691611,  0.9481272 ,  0.02487939, -0.24052479],\n",
       "           [ 0.01986211,  0.03286022, -0.99926258, -0.24323779],\n",
       "           [-0.94824558, -0.31618825, -0.02924574, -0.43427708],\n",
       "           [ 0.        ,  0.        ,  0.        ,  1.        ]]),\n",
       "    array([[ 0.58771995,  0.80880368,  0.02053955, -0.08406871],\n",
       "           [ 0.00207706,  0.02387838, -0.99971271, -0.33243949],\n",
       "           [-0.80906177,  0.58759376,  0.01235387, -0.63672436],\n",
       "           [ 0.        ,  0.        ,  0.        ,  1.        ]])],\n",
       "   'all_cams_intrinsic': [array([[1.26641720e+03, 0.00000000e+00, 8.16267020e+02],\n",
       "           [0.00000000e+00, 1.26641720e+03, 4.91507066e+02],\n",
       "           [0.00000000e+00, 0.00000000e+00, 1.00000000e+00]]),\n",
       "    array([[1.26084744e+03, 0.00000000e+00, 8.07968245e+02],\n",
       "           [0.00000000e+00, 1.26084744e+03, 4.95334427e+02],\n",
       "           [0.00000000e+00, 0.00000000e+00, 1.00000000e+00]]),\n",
       "    array([[1.25951374e+03, 0.00000000e+00, 8.07252905e+02],\n",
       "           [0.00000000e+00, 1.25951374e+03, 5.01195799e+02],\n",
       "           [0.00000000e+00, 0.00000000e+00, 1.00000000e+00]]),\n",
       "    array([[809.22099057,   0.        , 829.21960033],\n",
       "           [  0.        , 809.22099057, 481.77842385],\n",
       "           [  0.        ,   0.        ,   1.        ]]),\n",
       "    array([[1.25674148e+03, 0.00000000e+00, 7.92112574e+02],\n",
       "           [0.00000000e+00, 1.25674148e+03, 4.92775747e+02],\n",
       "           [0.00000000e+00, 0.00000000e+00, 1.00000000e+00]]),\n",
       "    array([[1.27259795e+03, 0.00000000e+00, 8.26615493e+02],\n",
       "           [0.00000000e+00, 1.27259795e+03, 4.79751654e+02],\n",
       "           [0.00000000e+00, 0.00000000e+00, 1.00000000e+00]])],\n",
       "   'all_cams_path': ['/mnt/hdd0/nuScenes/sweeps/CAM_FRONT/n015-2018-08-03-15-00-36+0800__CAM_FRONT__1533279699262460.jpg',\n",
       "    '/mnt/hdd0/nuScenes/sweeps/CAM_FRONT_RIGHT/n015-2018-08-03-15-00-36+0800__CAM_FRONT_RIGHT__1533279699270354.jpg',\n",
       "    '/mnt/hdd0/nuScenes/sweeps/CAM_BACK_RIGHT/n015-2018-08-03-15-00-36+0800__CAM_BACK_RIGHT__1533279699277893.jpg',\n",
       "    '/mnt/hdd0/nuScenes/sweeps/CAM_BACK/n015-2018-08-03-15-00-36+0800__CAM_BACK__1533279699287525.jpg',\n",
       "    '/mnt/hdd0/nuScenes/sweeps/CAM_BACK_LEFT/n015-2018-08-03-15-00-36+0800__CAM_BACK_LEFT__1533279699297423.jpg',\n",
       "    '/mnt/hdd0/nuScenes/sweeps/CAM_FRONT_LEFT/n015-2018-08-03-15-00-36+0800__CAM_FRONT_LEFT__1533279699254844.jpg']},\n",
       "  {'lidar_path': '/mnt/hdd0/nuScenes/sweeps/LIDAR_TOP/n015-2018-08-03-15-00-36+0800__LIDAR_TOP__1533279699249168.pcd.bin',\n",
       "   'sample_data_token': '1ad22c3f535e40aba2d8d22acc78d01a',\n",
       "   'transform_matrix': array([[ 9.97900965e-01,  6.46777923e-02,  3.23215655e-03,\n",
       "            3.91254086e-02],\n",
       "          [-6.46745464e-02,  9.97905805e-01, -1.09900762e-03,\n",
       "           -5.27243910e-01],\n",
       "          [-3.29646917e-03,  8.87662511e-04,  9.99994173e-01,\n",
       "           -1.26901412e-02],\n",
       "          [ 0.00000000e+00,  0.00000000e+00,  0.00000000e+00,\n",
       "            1.00000000e+00]]),\n",
       "   'global_from_car': array([[ 7.22613440e-01,  6.91220425e-01,  6.64381585e-03,\n",
       "            1.51425985e+02],\n",
       "          [-6.91252172e-01,  7.22586844e-01,  6.21998328e-03,\n",
       "            9.23653675e+02],\n",
       "          [-5.01354432e-04, -9.08719565e-03,  9.99958585e-01,\n",
       "            0.00000000e+00],\n",
       "          [ 0.00000000e+00,  0.00000000e+00,  0.00000000e+00,\n",
       "            1.00000000e+00]]),\n",
       "   'car_from_current': array([[ 0.00203327,  0.99970406,  0.02424172,  0.943713  ],\n",
       "          [-0.99998053,  0.00217566, -0.00584864,  0.        ],\n",
       "          [-0.00589965, -0.02422936,  0.99968902,  1.84023   ],\n",
       "          [ 0.        ,  0.        ,  0.        ,  1.        ]]),\n",
       "   'time_lag': 0.14985299110412598,\n",
       "   'all_cams_from_lidar': [array([[ 0.99992627,  0.00994386,  0.00696945,  0.01466668],\n",
       "           [ 0.00678362,  0.01860105, -0.99980397, -0.32470842],\n",
       "           [-0.01007155,  0.99977754,  0.01853223, -0.80749255],\n",
       "           [ 0.        ,  0.        ,  0.        ,  1.        ]]),\n",
       "    array([[ 0.55970327, -0.82829159, -0.02579319,  0.29529711],\n",
       "           [-0.01039151,  0.02410762, -0.99965536, -0.33641944],\n",
       "           [ 0.82862794,  0.5597784 ,  0.00488591, -0.78803371],\n",
       "           [ 0.        ,  0.        ,  0.        ,  1.        ]]),\n",
       "    array([[-0.34495546, -0.93794017, -0.03569274,  0.32461713],\n",
       "           [-0.00544182,  0.04002473, -0.99918387, -0.27506533],\n",
       "           [ 0.93860328, -0.3444797 , -0.01891085, -0.38473458],\n",
       "           [ 0.        ,  0.        ,  0.        ,  1.        ]]),\n",
       "    array([[-0.99987021, -0.0121757 , -0.01055034, -0.01497926],\n",
       "           [ 0.01045801,  0.00762174, -0.99991627, -0.27399385],\n",
       "           [ 0.01225509, -0.99989683, -0.00749341, -0.77669994],\n",
       "           [ 0.        ,  0.        ,  0.        ,  1.        ]]),\n",
       "    array([[-0.33708375,  0.94115632,  0.0244813 , -0.40721016],\n",
       "           [ 0.02026962,  0.03325195, -0.99924144, -0.24434984],\n",
       "           [-0.94125644, -0.33633182, -0.03028557, -0.39497097],\n",
       "           [ 0.        ,  0.        ,  0.        ,  1.        ]]),\n",
       "    array([[ 0.57032109,  0.8211494 ,  0.02115464, -0.21293054],\n",
       "           [ 0.00268059,  0.023893  , -0.99971093, -0.33229445],\n",
       "           [-0.82141747,  0.57021293,  0.01142552, -0.74952873],\n",
       "           [ 0.        ,  0.        ,  0.        ,  1.        ]])],\n",
       "   'all_cams_intrinsic': [array([[1.26641720e+03, 0.00000000e+00, 8.16267020e+02],\n",
       "           [0.00000000e+00, 1.26641720e+03, 4.91507066e+02],\n",
       "           [0.00000000e+00, 0.00000000e+00, 1.00000000e+00]]),\n",
       "    array([[1.26084744e+03, 0.00000000e+00, 8.07968245e+02],\n",
       "           [0.00000000e+00, 1.26084744e+03, 4.95334427e+02],\n",
       "           [0.00000000e+00, 0.00000000e+00, 1.00000000e+00]]),\n",
       "    array([[1.25951374e+03, 0.00000000e+00, 8.07252905e+02],\n",
       "           [0.00000000e+00, 1.25951374e+03, 5.01195799e+02],\n",
       "           [0.00000000e+00, 0.00000000e+00, 1.00000000e+00]]),\n",
       "    array([[809.22099057,   0.        , 829.21960033],\n",
       "           [  0.        , 809.22099057, 481.77842385],\n",
       "           [  0.        ,   0.        ,   1.        ]]),\n",
       "    array([[1.25674148e+03, 0.00000000e+00, 7.92112574e+02],\n",
       "           [0.00000000e+00, 1.25674148e+03, 4.92775747e+02],\n",
       "           [0.00000000e+00, 0.00000000e+00, 1.00000000e+00]]),\n",
       "    array([[1.27259795e+03, 0.00000000e+00, 8.26615493e+02],\n",
       "           [0.00000000e+00, 1.27259795e+03, 4.79751654e+02],\n",
       "           [0.00000000e+00, 0.00000000e+00, 1.00000000e+00]])],\n",
       "   'all_cams_path': ['/mnt/hdd0/nuScenes/sweeps/CAM_FRONT/n015-2018-08-03-15-00-36+0800__CAM_FRONT__1533279699262460.jpg',\n",
       "    '/mnt/hdd0/nuScenes/sweeps/CAM_FRONT_RIGHT/n015-2018-08-03-15-00-36+0800__CAM_FRONT_RIGHT__1533279699270354.jpg',\n",
       "    '/mnt/hdd0/nuScenes/sweeps/CAM_BACK_RIGHT/n015-2018-08-03-15-00-36+0800__CAM_BACK_RIGHT__1533279699277893.jpg',\n",
       "    '/mnt/hdd0/nuScenes/sweeps/CAM_BACK/n015-2018-08-03-15-00-36+0800__CAM_BACK__1533279699287525.jpg',\n",
       "    '/mnt/hdd0/nuScenes/sweeps/CAM_BACK_LEFT/n015-2018-08-03-15-00-36+0800__CAM_BACK_LEFT__1533279699297423.jpg',\n",
       "    '/mnt/hdd0/nuScenes/sweeps/CAM_FRONT_LEFT/n015-2018-08-03-15-00-36+0800__CAM_FRONT_LEFT__1533279699254844.jpg']},\n",
       "  {'lidar_path': '/mnt/hdd0/nuScenes/sweeps/LIDAR_TOP/n015-2018-08-03-15-00-36+0800__LIDAR_TOP__1533279699199383.pcd.bin',\n",
       "   'sample_data_token': '625daf5c0ff749f8baaf2b6929235177',\n",
       "   'transform_matrix': array([[ 0.99652428,  0.08323063,  0.00346627,  0.0469078 ],\n",
       "          [-0.08322464,  0.99652912, -0.00183683, -0.69316209],\n",
       "          [-0.00360712,  0.00154197,  0.99999231, -0.01630991],\n",
       "          [ 0.        ,  0.        ,  0.        ,  1.        ]]),\n",
       "   'global_from_car': array([[ 7.09631388e-01,  7.04544779e-01,  6.32036465e-03,\n",
       "            1.51306527e+02],\n",
       "          [-7.04573073e-01,  7.09599237e-01,  6.76073655e-03,\n",
       "            9.23765738e+02],\n",
       "          [ 2.78315707e-04, -9.25078961e-03,  9.99957172e-01,\n",
       "            0.00000000e+00],\n",
       "          [ 0.00000000e+00,  0.00000000e+00,  0.00000000e+00,\n",
       "            1.00000000e+00]]),\n",
       "   'car_from_current': array([[ 0.00203327,  0.99970406,  0.02424172,  0.943713  ],\n",
       "          [-0.99998053,  0.00217566, -0.00584864,  0.        ],\n",
       "          [-0.00589965, -0.02422936,  0.99968902,  1.84023   ],\n",
       "          [ 0.        ,  0.        ,  0.        ,  1.        ]]),\n",
       "   'time_lag': 0.19963788986206055,\n",
       "   'all_cams_from_lidar': [array([[ 0.99991495, -0.01141064,  0.00631559, -0.00246529],\n",
       "           [ 0.00653632,  0.01941205, -0.9997902 , -0.32477605],\n",
       "           [ 0.01128565,  0.99974645,  0.01948498, -0.63288232],\n",
       "           [ 0.        ,  0.        ,  0.        ,  1.        ]]),\n",
       "    array([[ 0.54184053, -0.84005509, -0.02676356,  0.14069118],\n",
       "           [-0.01051323,  0.02506642, -0.9996305 , -0.33547745],\n",
       "           [ 0.84041556,  0.5419217 ,  0.00475031, -0.70629995],\n",
       "           [ 0.        ,  0.        ,  0.        ,  1.        ]]),\n",
       "    array([[-0.36499117, -0.93031713, -0.03593725,  0.16853432],\n",
       "           [-0.00529027,  0.04067206, -0.99915854, -0.2717023 ],\n",
       "           [ 0.93099595, -0.36449393, -0.01976658, -0.46216886],\n",
       "           [ 0.        ,  0.        ,  0.        ,  1.        ]]),\n",
       "    array([[-0.99990799,  0.00946563, -0.00971618,  0.0019725 ],\n",
       "           [ 0.00978919,  0.00769736, -0.99992246, -0.2768443 ],\n",
       "           [-0.0093901 , -0.99992557, -0.00778931, -0.95125973],\n",
       "           [ 0.        ,  0.        ,  0.        ,  1.        ]]),\n",
       "    array([[-0.31634223,  0.94831801,  0.02491066, -0.23468417],\n",
       "           [ 0.0199064 ,  0.03288926, -0.99926074, -0.24315185],\n",
       "           [-0.94843625, -0.31561249, -0.02928186, -0.43584596],\n",
       "           [ 0.        ,  0.        ,  0.        ,  1.        ]]),\n",
       "    array([[ 0.58775652,  0.80874746,  0.02167527, -0.08005802],\n",
       "           [ 0.00247324,  0.02499516, -0.99968451, -0.33109059],\n",
       "           [-0.80903409,  0.58762469,  0.01269084, -0.63391676],\n",
       "           [ 0.        ,  0.        ,  0.        ,  1.        ]])],\n",
       "   'all_cams_intrinsic': [array([[1.26641720e+03, 0.00000000e+00, 8.16267020e+02],\n",
       "           [0.00000000e+00, 1.26641720e+03, 4.91507066e+02],\n",
